tree
version=v4
num_class=1
num_tree_per_iteration=1
label_index=0
max_feature_idx=8
objective=regression
feature_names=Column_0 Column_1 Column_2 Column_3 Column_4 Column_5 Column_6 Column_7 Column_8
feature_infos=[24:72] [13.082700000000001:34.1526] [72.877700000000004:91.736199999999997] [0:11.5] [0:55.399999999999999] [0:45.299999999999997] [0:55.199999999999996] [0:25.904482666562213] [0:18.766666666666669]
tree_sizes=1378 1465 1474 1467 1476 1473 1459 1471 1474 1464 1464 1469 1478 1469 1478 1478 1480 1472 1478 1468 1487 1460 1472 1480 1482 1479 1476 1478 1475 1476 1487 1464 1481 1485 1486 1476 1489 1453 1500 1471 1488 1480 1480 1468 1487 1493 1484 1463 1485 1470 1481 1469 1474 1486

Tree=0
num_leaves=15
num_cat=0
split_feature=4 7 3 1 5 4 3 7 3 5 7 5 1 4
split_gain=20.3021 13.047 3.85747 2.0024 1.8922 1.62419 1.743 1.53771 1.42616 1.588 1.2308 1.46052 1.17575 1.16763
threshold=0.8500000000000002 0.3814924233629165 0.75000000000000011 27.379200000000004 1.1500000000000001 0.35000000000000003 0.15000000000000005 0.16663331665265241 0.25000000000000006 0.45000000000000007 0.3814924233629165 2.4500000000000006 27.379200000000004 1.6500000000000001
decision_type=2 2 2 2 2 2 2 2 2 2 2 2 2 2
left_child=1 5 10 -3 12 7 -7 -1 -5 -10 -2 -12 -4 -6
right_child=2 3 4 8 13 6 -8 -9 9 -11 11 -13 -14 -15
leaf_value=0.33599681506292189 0.33147854348609918 0.34041227985725453 0.33234101126843674 0.34001113194840565 0.343096560536304 0.32908790223898987 0.33552893615025281 0.33856273072999188 0.34227988874710791 0.35126234364906633 0.3251750785246984 0.33564641498505471 0.32377112388295226 0.33354559250539617
leaf_weight=5005 128 1133 308 96 64 165 289 661 86 115 444 36 46 64
leaf_count=5005 128 1133 308 96 64 165 289 661 86 115 444 36 46 64
internal_value=0.336149 0.33707 0.329771 0.34137 0.333111 0.336066 0.333188 0.336296 0.345025 0.347419 0.327122 0.32596 0.331227 0.338321
internal_weight=8640 7550 1090 1430 482 6120 454 5666 297 201 608 480 354 128
internal_count=8640 7550 1090 1430 482 6120 454 5666 297 201 608 480 354 128
is_linear=0
shrinkage=1


Tree=1
num_leaves=15
num_cat=0
split_feature=4 7 3 1 5 4 3 7 3 5 4 3 1 5
split_gain=18.3226 11.775 3.48137 1.80717 1.70771 1.46584 1.57306 1.3913 1.2894 1.65951 1.20419 1.1269 1.06112 1.00083
threshold=0.8500000000000002 0.3814924233629165 0.75000000000000011 27.379200000000004 1.1500000000000001 0.35000000000000003 0.15000000000000005 0.22586347517122232 0.45000000000000007 0.45000000000000007 2.8500000000000001 3.2500000000000004 27.379200000000004 1.8500000000000003
decision_type=2 2 2 2 2 2 2 2 2 2 2 2 2 2
left_child=1 5 10 13 12 7 -7 -1 -5 -10 -2 -6 -4 -3
right_child=2 3 4 8 11 6 -8 -9 9 -11 -12 -13 -14 -15
leaf_value=-8.9028129004093082e-05 -0.0077222417161430957 0.0030970980332325508 -0.0036179535793194962 0.0041048171649924097 -7.4193449053948498e-05 -0.0067084071587658299 -0.00058942495820182622 0.0028264454880578293 0.0058239798343112312 0.01525350353753596 -0.014376273684394668 0.012361018357544461 -0.011759346555513533 0.0063678758733140333
leaf_weight=5222 530 803 308 109 106 165 289 444 86 102 78 22 46 330
leaf_count=5222 530 803 308 109 106 165 289 444 86 102 78 22 46 330
internal_value=1.92949e-11 0.000874877 -0.00605993 0.0049598 -0.00288627 -7.96069e-05 -0.00281328 0.000139435 0.00843146 0.01094 -0.00857588 0.00206311 -0.00467587 0.00404975
internal_weight=8640 7550 1090 1430 482 6120 454 5666 297 188 608 128 354 1133
internal_count=8640 7550 1090 1430 482 6120 454 5666 297 188 608 128 354 1133
is_linear=0
shrinkage=0.05


Tree=2
num_leaves=15
num_cat=0
split_feature=4 7 3 1 5 4 5 7 3 5 7 5 4 1
split_gain=16.5362 10.6269 3.14193 1.63097 1.54421 1.32292 1.49029 1.27853 1.17284 1.29925 1.08801 1.31852 1.05583 0.973309
threshold=0.8500000000000002 0.3814924233629165 0.75000000000000011 27.379200000000004 1.0500000000000003 0.35000000000000003 0.25000000000000006 0.16663331665265241 0.25000000000000006 0.45000000000000007 0.3814924233629165 2.4500000000000006 1.6500000000000001 27.379200000000004
decision_type=2 2 2 2 2 2 2 2 2 2 2 2 2 2
left_child=1 5 10 -3 13 7 -7 -1 -5 -10 -2 -12 -6 -4
right_child=2 3 4 8 12 6 -8 -9 9 -11 11 -13 -14 -15
leaf_value=-0.00014048856207844911 -0.0040511861036065964 0.0038472640824222973 -0.0035085508928906907 0.0034634203087989591 0.0059684143007345978 -0.0057332925359109797 8.6304394928507583e-06 0.0021992137152440959 0.0055327810363324237 0.013657651299954918 -0.0099855260185159004 -3.6257717551456555e-05 -0.0027490764541332341 -0.011397659861379202
leaf_weight=5005 128 1133 298 96 71 212 242 661 86 115 444 36 68 45
leaf_count=5005 128 1133 298 96 71 212 242 661 86 115 444 36 68 45
internal_value=-1.26991e-11 0.000831133 -0.00575693 0.00471181 -0.00274196 -7.56265e-05 -0.00267262 0.000132463 0.00800989 0.0101813 -0.00814709 -0.00923933 0.00170374 -0.00454357
internal_weight=8640 7550 1090 1430 482 6120 454 5666 297 201 608 480 139 343
internal_count=8640 7550 1090 1430 482 6120 454 5666 297 201 608 480 139 343
is_linear=0
shrinkage=0.05


Tree=3
num_leaves=15
num_cat=0
split_feature=4 7 3 1 5 4 5 7 3 5 4 3 5 4
split_gain=14.9239 9.59077 2.8356 1.47195 1.40187 1.19393 1.35983 1.15604 1.0713 1.36495 1.06572 1.02942 0.908224 0.896909
threshold=0.8500000000000002 0.3814924233629165 0.75000000000000011 27.379200000000004 1.1500000000000001 0.35000000000000003 0.15000000000000005 0.22586347517122232 0.45000000000000007 0.45000000000000007 2.8500000000000001 3.2500000000000004 1.7500000000000002 1.8500000000000003
decision_type=2 2 2 2 2 2 2 2 2 2 2 2 2 2
left_child=1 5 10 12 -4 7 -7 -1 -5 -10 -2 13 -3 -6
right_child=2 3 4 8 11 6 -8 -9 9 -11 -12 -13 -14 -15
leaf_value=-8.2413611601737325e-05 -0.0069366715732469874 0.0026631580152407927 -0.0042263096731393222 0.0036656139008359075 0.0035625505784992132 -0.0058689775188387333 -0.00029032498708070424 0.0025751624564191345 0.0052561418543201552 0.013807945160706546 -0.013196450204421312 0.01172192129094831 0.0056756099328899952 -0.005840794948328819
leaf_weight=5222 530 760 354 109 64 183 271 444 86 102 78 22 373 42
leaf_count=5222 530 760 354 109 64 183 271 444 86 102 78 22 373 42
internal_value=-1.6833e-11 0.000789576 -0.00546908 0.00447622 -0.00260486 -7.18452e-05 -0.00253899 0.00012584 0.0076094 0.00989595 -0.00773974 0.00187947 0.0036549 -0.000163303
internal_weight=8640 7550 1090 1430 482 6120 454 5666 297 188 608 128 1133 106
internal_count=8640 7550 1090 1430 482 6120 454 5666 297 188 608 128 1133 106
is_linear=0
shrinkage=0.05


Tree=4
num_leaves=15
num_cat=0
split_feature=4 7 5 4 8 1 4 5 7 3 5 3 1 5
split_gain=13.4688 8.65567 2.68075 1.83345 3.06396 1.32843 1.0914 1.73981 0.97795 0.966848 1.23187 0.938183 0.863195 1.35023
threshold=0.8500000000000002 0.3814924233629165 0.35000000000000003 5.0500000000000016 2.0833333333333339 27.379200000000004 0.45000000000000007 0.15000000000000005 0.22586347517122232 0.45000000000000007 0.45000000000000007 0.65000000000000002 16.079350000000005 0.25000000000000006
decision_type=2 2 2 2 2 2 2 2 2 2 2 2 2 2
left_child=1 6 -2 4 11 12 8 -8 -1 -7 -11 -4 13 -3
right_child=2 5 3 -5 -6 9 7 -9 -10 10 -12 -13 -14 -15
leaf_value=-0.00010000264726314962 -0.0080866015464817354 0.0050401158258318902 -0.0061461123494721461 -0.013714163314158978 0.0059999341253031795 0.0034823332537273206 -0.0075430216440450287 -8.6916346357748762e-05 0.0022864388206119131 0.0049933347017179393 0.013117547704856479 -0.0018048423411614286 0.0030310857005993539 0.019479325599968435
leaf_weight=5317 462 85 244 38 92 109 124 212 467 86 102 254 1028 20
leaf_count=5317 462 85 244 38 92 109 124 212 467 86 102 254 1028 20
internal_value=-2.45442e-11 0.000750097 -0.00519563 -0.00306883 -0.0023832 0.00425241 -6.8253e-05 -0.00283857 9.26786e-05 0.00722893 0.00940115 -0.00393189 0.00347216 0.00779044
internal_weight=8640 7550 1090 628 590 1430 6120 336 5784 297 188 498 1133 105
internal_count=8640 7550 1090 628 590 1430 6120 336 5784 297 188 498 1133 105
is_linear=0
shrinkage=0.05


Tree=5
num_leaves=15
num_cat=0
split_feature=4 7 3 1 4 4 8 7 4 8 2 2 8 8
split_gain=12.2298 7.49142 2.21071 1.49854 1.41043 1.39702 2.07071 1.40775 0.898655 2.38755 0.854251 0.853446 0.817016 0.801967
threshold=1.0500000000000003 0.48416064251843999 0.35000000000000003 27.379200000000004 0.25000000000000006 0.45000000000000007 0.35000000000000003 0.22586347517122232 4.8500000000000005 1.9833333333333338 75.043350000000018 86.003450000000015 1.0500000000000003 0.78333333333333344
decision_type=2 2 2 2 2 2 2 2 2 2 2 2 2 2
left_child=1 5 -2 8 10 7 -7 -1 9 -4 -3 13 -8 -12
right_child=2 4 3 -5 -6 6 12 -9 -10 -11 11 -13 -14 -15
leaf_value=-9.5002506447647514e-05 -0.0091023389852107183 0.0021305740108256213 -0.0039200962497176984 -0.010063502549409594 0.0016959020748045573 -0.0075645279447063302 -0.00120020862942486 0.0023451206400199216 -0.010743586995610685 0.0052644911711907079 0.0057689060794155296 0.0045675344257905042 0.0079692869805372685 0.010979600209328864
leaf_weight=5317 297 167 379 82 387 146 370 665 33 87 163 386 26 135
leaf_count=5317 297 167 379 82 387 146 370 665 33 87 163 386 26 135
internal_value=6.08374e-12 0.000632678 -0.00559322 -0.0037994 0.00419852 -4.39791e-05 -0.00247472 0.000176258 -0.00277003 -0.00220538 0.00533661 0.00611937 -0.000598171 0.00812946
internal_weight=8640 7762 878 581 1238 6524 542 5982 499 466 851 684 396 298
internal_count=8640 7762 878 581 1238 6524 542 5982 499 466 851 684 396 298
is_linear=0
shrinkage=0.05


Tree=6
num_leaves=15
num_cat=0
split_feature=4 7 3 5 4 1 1 3 5 5 8 5 1 8
split_gain=11.0674 7.46359 3.20488 1.73175 1.49612 1.23015 1.10816 1.03467 1.26068 0.895057 0.871221 0.730594 0.6815 0.662917
threshold=0.65000000000000002 0.31785962444380705 0.35000000000000003 1.2500000000000002 1.7500000000000002 27.379200000000004 27.379200000000004 0.35000000000000003 0.45000000000000007 1.8500000000000003 1.4166666666666672 2.5500000000000003 16.079350000000005 1.6833333333333338
decision_type=2 2 2 2 2 2 2 2 2 2 2 2 2 2
left_child=1 -1 11 6 -5 9 -4 -7 -9 12 -10 -2 -3 -14
right_child=2 5 3 4 -6 7 -8 8 10 -11 -12 -13 13 -15
leaf_value=-6.5128295545275512e-05 -0.0080283922130949502 0.0056422541980837822 -0.0028163322238291032 0.0053279308232072843 -0.0037937759817258951 0.0029599267281355426 -0.0089544558038358538 0.004468108358380107 0.015072537760715932 0.0054359809551338574 0.0055181684684665767 0.00044557815417647364 0.0021395461215676431 -0.0036545436324816384
leaf_weight=5761 439 131 590 117 73 128 84 97 80 306 34 27 720 53
leaf_count=5761 439 131 590 117 73 128 84 97 80 306 34 27 720 53
internal_value=3.01182e-12 0.000763313 -0.00419535 -0.00239281 0.00182328 0.00384443 -0.00358132 0.00650648 0.00865795 0.00309862 0.012223 -0.00753741 0.00230743 0.00174228
internal_weight=8640 7310 1330 864 190 1549 674 339 211 1210 114 466 904 773
internal_count=8640 7310 1330 864 190 1549 674 339 211 1210 114 466 904 773
is_linear=0
shrinkage=0.05


Tree=7
num_leaves=15
num_cat=0
split_feature=4 7 3 5 4 4 3 7 4 2 3 5 3 8
split_gain=10.1375 6.16114 1.85762 1.36729 1.19908 1.12005 1.58481 1.2425 0.919475 0.734531 0.81836 0.896396 1.39352 1.56454
threshold=1.0500000000000003 0.48416064251843999 1.3500000000000003 0.55000000000000016 0.25000000000000006 0.35000000000000003 0.15000000000000005 0.16663331665265241 2.6500000000000008 75.043350000000018 4.4500000000000011 0.45000000000000007 0.55000000000000016 1.0833333333333337
decision_type=2 2 2 2 2 2 2 2 2 2 2 2 2 2
left_child=1 5 8 -4 9 7 -7 -1 -2 -3 11 -11 -13 -14
right_child=2 4 3 -5 -6 6 -8 -9 -10 10 -12 12 13 -15
leaf_value=-0.00011633677692392136 -0.0056687810473350225 0.001886263508405425 -0.0053377360189094765 0.0021127560801911527 0.0015022922535157686 -0.0056759758252479912 -0.00037521673296277532 0.0019512826847323383 -0.010755025052300124 0.003393985273589085 -0.00015101521847802298 0.0040926175530249667 0.015268250114830404 0.0068901508595914616
leaf_weight=5005 524 167 117 130 387 202 467 850 107 205 57 180 87 155
leaf_count=5005 524 167 117 130 387 202 467 850 107 205 57 180 87 155
internal_value=1.5481e-11 0.000576022 -0.00509235 -0.00141642 0.0038098 -3.76224e-05 -0.00197574 0.00018383 -0.00653127 0.00485916 0.005585 0.00610646 0.00742413 0.00990211
internal_weight=8640 7762 878 247 1238 6524 669 5855 631 851 684 627 422 242
internal_count=8640 7762 878 247 1238 6524 669 5855 631 851 684 627 422 242
is_linear=0
shrinkage=0.05


Tree=8
num_leaves=15
num_cat=0
split_feature=4 5 3 3 4 3 7 8 1 1 4 8 5 4
split_gain=9.14911 5.5775 2.59455 1.89464 1.85679 1.72763 1.37145 1.15023 1.07673 0.964229 0.787763 1.4568 0.75163 0.638339
threshold=1.0500000000000003 0.65000000000000002 0.75000000000000011 2.7500000000000004 0.45000000000000007 0.65000000000000002 0.21075257835628067 0.35000000000000003 27.379200000000004 27.379200000000004 4.8500000000000005 1.9833333333333338 2.4500000000000006 1.0000000180025095e-35
decision_type=2 2 2 2 2 2 2 2 2 2 2 2 2 2
left_child=1 4 13 8 6 12 -1 -6 -4 10 11 -7 -2 -3
right_child=5 2 3 -5 7 9 -8 -9 -10 -11 -12 -13 -14 -15
leaf_value=-9.4021296007829806e-05 -0.0075370875449360056 0.0034527863006447801 0.0069639868097921874 0.0011693752317381253 -0.0067437326242152139 -0.0027827844485302264 0.0021915456108438473 -0.0014210280214197579 0.014309595389512637 -0.0087438443823802201 -0.0097179440116243708 0.0049158233497291802 0.00078511237776998817 0.00050978969992138449
leaf_weight=5256 421 312 323 133 146 265 750 333 59 55 28 80 29 450
leaf_count=5256 421 312 323 133 146 265 750 333 59 55 28 80 29 450
internal_value=-4.11142e-12 0.000547221 0.00356761 0.00630905 -4.75411e-05 -0.00483774 0.000191389 -0.0030434 0.00809852 -0.00256352 -0.00165221 -0.0009976 -0.00700077 0.0017148
internal_weight=8640 7762 1277 515 6485 878 6006 479 382 428 373 345 450 762
internal_count=8640 7762 1277 515 6485 878 6006 479 382 428 373 345 450 762
is_linear=0
shrinkage=0.05


Tree=9
num_leaves=15
num_cat=0
split_feature=4 8 5 4 4 8 4 7 7 8 1 7 4 6
split_gain=8.31915 5.52109 1.93834 1.679 1.40575 2.23232 1.14752 1.00703 0.713111 1.38773 0.978115 1.10374 0.660534 0.610722
threshold=0.8500000000000002 0.61666666666666681 0.35000000000000003 0.45000000000000007 5.0500000000000016 2.0833333333333339 0.25000000000000006 0.22586347517122232 0.9422194171852164 0.95000000000000029 22.610250000000004 0.65743120962686408 1.5500000000000003 1.8500000000000003
decision_type=2 2 2 2 2 2 2 2 2 2 2 2 2 2
left_child=1 3 -2 7 5 12 8 -1 9 10 -3 -12 -4 -7
right_child=2 6 4 -5 -6 13 -8 -9 -10 -11 11 -13 -14 -15
leaf_value=-7.9284686437293775e-05 -0.0065415888237545187 0.0019387429874613245 -0.0016382719430112049 -0.0040185637972186732 -0.011596165128101252 -0.0022484009302570487 0.0018829447375854379 0.0018214717669501911 0.0036523761536403927 0.013758424524280985 0.013842750672483818 0.0041345626199200975 -0.0054379530041740185 0.0076281316455505373
leaf_weight=5314 462 117 320 249 38 20 494 802 396 59 52 67 178 72
leaf_count=5314 462 117 320 249 38 20 494 802 396 59 52 67 178 72
internal_value=4.58621e-13 0.000589512 -0.00408332 6.10827e-06 -0.00227484 -0.00167448 0.00372315 0.000169964 0.00503873 0.00689972 0.00518505 0.0083768 -0.00299639 0.00548106
internal_weight=8640 7550 1090 6365 628 590 1185 6116 691 295 236 119 498 92
internal_count=8640 7550 1090 6365 628 590 1185 6116 691 295 236 119 498 92
is_linear=0
shrinkage=0.05


Tree=10
num_leaves=15
num_cat=0
split_feature=4 5 3 4 3 5 3 7 3 4 1 4 1 5
split_gain=7.53524 4.75134 2.48217 1.91884 1.47616 1.28912 1.24755 1.10584 1.09399 0.966684 0.900881 0.710186 0.674513 0.53468
threshold=1.1500000000000001 0.65000000000000002 0.75000000000000011 0.45000000000000007 2.7500000000000004 2.3500000000000001 0.15000000000000005 0.21075257835628067 0.65000000000000002 2.0500000000000003 27.379200000000004 0.45000000000000007 27.379200000000004 2.1500000000000008
decision_type=2 2 2 2 2 2 2 2 2 2 2 2 2 2
left_child=1 3 11 7 10 8 -5 -1 -2 -7 -4 -3 -10 -6
right_child=5 2 4 6 13 9 -8 -9 12 -11 -12 -13 -14 -15
leaf_value=-8.5355993107782003e-05 -0.0072249946496889903 0.002218485655774797 0.006383096958274272 -0.006543377926573158 -0.00096047977289841094 0.007306663181028657 -0.0013434339978543688 0.0019669920804832753 -0.0023350067912604215 -0.0042849461431615056 0.01303589232886831 -0.0014116895298279736 -0.008632883896585555 0.005556373390112529
leaf_weight=5256 370 609 335 166 88 37 378 750 284 35 60 173 50 49
leaf_count=5256 370 609 335 166 88 37 378 750 284 35 60 173 50 49
internal_value=2.88242e-12 0.000463843 0.00320781 -8.66268e-05 0.00584254 -0.00470059 -0.00293018 0.000170931 -0.00535232 0.00167185 0.00739365 0.00141539 -0.0032778 0.00137037
internal_weight=8640 7864 1314 6550 532 776 544 6006 704 72 395 782 334 137
internal_count=8640 7864 1314 6550 532 776 544 6006 704 72 395 782 334 137
is_linear=0
shrinkage=0.05


Tree=11
num_leaves=15
num_cat=0
split_feature=4 8 5 4 8 4 6 3 4 7 1 4 4 8
split_gain=6.81993 4.61643 1.64187 1.24143 1.93971 1.15011 1.24993 0.791582 0.775131 1.45407 0.947433 0.582708 0.573993 0.52926
threshold=0.8500000000000002 0.7166666666666669 0.35000000000000003 5.0500000000000016 2.5833333333333339 0.35000000000000003 0.35000000000000009 0.75000000000000011 0.25000000000000006 0.9422194171852164 27.379200000000004 2.6500000000000008 1.0000000180025095e-35 0.95000000000000029
decision_type=2 2 2 2 2 2 2 2 2 2 2 2 2 2
left_child=1 5 11 4 7 6 -1 -4 9 10 13 -2 -8 -3
right_child=2 8 3 -5 -6 -7 12 -9 -10 -11 -12 -13 -14 -15
leaf_value=-0.00010410201085965154 -0.0051841095689391312 0.0049377075282438683 -0.004200819292662865 -0.010792321013899424 0.0077530089479226341 -0.002375370621778226 0.0025610881530205259 -0.00036180018486934283 0.002073681063045593 0.0032548283442383171 0.016668969392776491 -0.010025663371433857 0.00028374455503921782 0.011346075606221955
leaf_weight=4970 388 98 280 38 52 450 737 258 388 385 31 74 443 48
leaf_count=4970 388 98 280 38 52 450 737 258 388 385 31 74 443 48
internal_value=3.56589e-12 0.000533756 -0.00369712 -0.00203268 -0.0014685 6.46844e-05 0.000243225 -0.0023598 0.00379257 0.00497928 0.0087302 -0.0059596 0.00170612 0.00704457
internal_weight=8640 7550 1090 628 590 6600 6150 538 950 562 177 462 1180 146
internal_count=8640 7550 1090 628 590 6600 6150 538 950 562 177 462 1180 146
is_linear=0
shrinkage=0.05


Tree=12
num_leaves=15
num_cat=0
split_feature=4 5 3 4 3 5 7 3 1 3 4 1 4 7
split_gain=6.23246 3.97471 2.09631 1.58333 1.30439 1.07478 1.00414 0.99057 0.988075 0.917033 0.848698 0.604656 0.577031 0.427821
threshold=1.1500000000000001 0.65000000000000002 0.75000000000000011 0.35000000000000003 3.0500000000000003 2.3500000000000001 0.16663331665265241 0.15000000000000005 27.379200000000004 0.65000000000000002 1.9500000000000002 27.379200000000004 0.45000000000000007 0.22586347517122232
decision_type=2 2 2 2 2 2 2 2 2 2 2 2 2 2
left_child=1 3 12 6 8 9 -1 13 -4 -2 -7 -11 -3 -5
right_child=5 2 4 7 -6 10 -8 -9 -10 11 -12 -13 -14 -15
leaf_value=-9.3837114267014731e-05 -0.0065846070362494099 0.0020082361082294467 0.0055985149793861327 -0.0018892993043678312 0.00053118864957427798 0.0072825821664403469 0.0017376744522004052 -0.0010932507344212411 0.012345066963462159 -0.0020780782679318856 -0.0035912228950397357 -0.0080409176817629498 -0.0012639749746075214 -0.0067815425870874973
leaf_weight=5003 370 609 357 65 111 34 880 459 64 284 38 50 173 143
leaf_count=5003 370 609 357 65 111 34 880 459 64 284 38 50 173 143
internal_value=1.20586e-11 0.000421844 0.00293156 -8.16306e-05 0.00535285 -0.00427498 0.000180127 -0.00239036 0.00662412 -0.00487006 0.00154363 -0.00297072 0.00128433 -0.00525272
internal_weight=8640 7864 1314 6550 532 776 5883 667 421 704 72 334 782 208
internal_count=8640 7864 1314 6550 532 776 5883 667 421 704 72 334 782 208
is_linear=0
shrinkage=0.05


Tree=13
num_leaves=15
num_cat=0
split_feature=4 5 3 4 3 3 5 3 7 4 1 1 4 5
split_gain=5.6248 3.58717 1.89192 1.43044 1.1862 0.989143 0.969989 0.84819 0.827621 0.771464 0.688765 0.665746 0.520771 0.476842
threshold=1.1500000000000001 0.65000000000000002 0.75000000000000011 0.45000000000000007 2.7500000000000004 0.15000000000000005 2.3500000000000001 0.35000000000000003 0.27265482080417314 2.0500000000000003 27.379200000000004 27.379200000000004 0.45000000000000007 2.1500000000000008
decision_type=2 2 2 2 2 2 2 2 2 2 2 2 2 2
left_child=1 3 12 8 11 -5 7 -2 -1 -8 -9 -4 -3 -6
right_child=6 2 4 5 13 -7 9 10 -10 -11 -12 -13 -14 -15
leaf_value=-4.9257980417473531e-05 -0.0069872546491876759 0.0019078242999967189 0.0056069362716168972 -0.0057499976228384013 -0.0011249181481120601 -0.0011198046954319656 0.0065002338658716229 -0.0024974234003160884 0.001919800217571744 -0.003854982764792762 -0.007766668001076559 0.0113259979027013 -0.0012007762169239321 0.0050293778900855355
leaf_weight=5414 247 609 335 166 88 378 37 383 592 35 74 60 173 49
leaf_count=5414 247 609 335 166 88 378 37 383 592 35 74 60 173 49
internal_value=-4.16881e-12 0.000400752 0.00278498 -7.75491e-05 0.00508521 -0.00253269 -0.00406123 -0.00462656 0.000144828 0.00146645 -0.00335065 0.00647565 0.00122012 0.00107625
internal_weight=8640 7864 1314 6550 532 544 776 704 6006 72 457 395 782 137
internal_count=8640 7864 1314 6550 532 544 776 704 6006 72 457 395 782 137
is_linear=0
shrinkage=0.05


Tree=14
num_leaves=15
num_cat=0
split_feature=4 8 3 5 4 1 1 6 7 3 5 1 1 3
split_gain=5.08848 3.46509 1.81894 1.00919 1.04787 0.831814 0.662638 0.556751 0.536743 0.682558 0.772766 0.482701 0.535833 0.456401
threshold=0.65000000000000002 0.61666666666666681 0.35000000000000003 1.2500000000000002 1.7500000000000002 27.379200000000004 27.379200000000004 0.65000000000000024 1.9985943713417356 0.45000000000000007 0.35000000000000003 16.079350000000005 27.379200000000004 1.0000000180025095e-35
decision_type=2 2 2 2 2 2 2 2 2 2 2 2 2 2
left_child=1 7 13 6 -5 -3 -4 -1 9 -7 -11 -9 -13 -2
right_child=2 5 3 4 -6 8 -8 11 -10 10 -12 12 -14 -15
leaf_value=-8.7502825558702986e-05 -0.0076675872663732898 0.0025200444506510529 -0.0018024979858763787 0.0046647624490766702 -0.0029691345214665141 0.0015543091731766859 -0.0065489851476048079 0.0046294211215960482 -0.00044838417536364154 0.0027869961553198454 0.011691219008765942 -0.00021899335263400729 0.0032022826321389448 -0.0043002833667003951
leaf_weight=5625 147 871 590 117 73 39 84 102 26 34 86 359 168 319
leaf_count=5625 147 871 590 117 73 39 84 102 26 34 86 359 168 319
internal_value=2.22915e-12 0.000517576 -0.00284472 -0.00148676 0.00173174 0.00316678 -0.00239405 7.0253e-05 0.00621169 0.00730076 0.00916836 0.00148103 0.00087166 -0.0053625
internal_weight=8640 7310 1330 864 190 1056 674 6254 185 159 120 629 527 466
internal_count=8640 7310 1330 864 190 1056 674 6254 185 159 120 629 527 466
is_linear=0
shrinkage=0.05


Tree=15
num_leaves=15
num_cat=0
split_feature=4 5 3 4 3 5 7 3 3 4 1 0 4 4
split_gain=4.67375 2.991 1.60086 1.21407 1.07363 0.844936 0.771063 0.764027 0.714828 0.670587 0.571333 0.513135 0.472921 0.467182
threshold=1.1500000000000001 0.65000000000000002 0.75000000000000011 0.35000000000000003 2.5500000000000003 2.3500000000000001 0.16663331665265241 0.15000000000000005 0.65000000000000002 2.0500000000000003 27.379200000000004 60.000000000000007 2.1500000000000008 1.0000000180025095e-35
decision_type=2 2 2 2 2 2 2 2 2 2 2 2 2 2
left_child=1 3 13 6 10 8 -1 -5 -2 -7 -4 -10 -13 -3
right_child=5 2 4 7 -6 9 -8 -9 11 -11 -12 12 -14 -15
leaf_value=-8.2307233771690126e-05 -0.0057433942044657228 0.002602906009726725 0.0052477059797829389 -0.0046069348001485473 0.0010738284305358927 0.0061502123503266162 0.0015226291657679462 -0.00095393833779937375 -0.0011700374765463608 -0.0035042687312566811 0.010636103936824307 -0.0029758452378813027 -0.0098540090686200493 0.00010721837215006669
leaf_weight=5003 370 312 324 208 150 37 880 459 223 35 58 73 38 470
leaf_count=5003 370 312 324 208 150 37 880 459 223 35 58 73 38 470
internal_value=-3.28479e-12 0.000365305 0.00254241 -7.14457e-05 0.00465832 -0.003702 0.000157765 -0.0020931 -0.00422964 0.00145706 0.00606584 -0.00255272 -0.00533053 0.00110294
internal_weight=8640 7864 1314 6550 532 776 5883 667 704 72 382 334 111 782
internal_count=8640 7864 1314 6550 532 776 5883 667 704 72 382 334 111 782
is_linear=0
shrinkage=0.05


Tree=16
num_leaves=15
num_cat=0
split_feature=4 3 5 4 1 5 3 3 3 5 4 2 8 0
split_gain=4.21806 2.70122 1.49741 1.4816 0.904584 0.79917 0.790745 0.607009 0.769496 0.671413 0.578689 0.526842 0.514128 0.51068
threshold=1.1500000000000001 0.45000000000000007 0.65000000000000002 0.45000000000000007 27.379200000000004 6.7500000000000009 0.65000000000000002 2.7500000000000004 1.0500000000000003 2.1500000000000008 1.0000000180025095e-35 75.043350000000018 1.4166666666666672 60.000000000000007
decision_type=2 2 2 2 2 2 2 2 2 2 2 2 2 2
left_child=1 3 10 -1 7 6 -2 8 -4 -9 -3 -5 -6 -8
right_child=5 2 4 11 12 -7 13 9 -10 -11 -12 -13 -14 -15
leaf_value=5.5709241249661698e-05 -0.0053652783667112328 0.0023744891908175003 0.002035371444593505 -0.0005871463244504951 0.010555447358638049 0.0063482704665511844 -0.00082416912698517414 -0.0035428162614026901 0.0058498444381062664 0.0045107030981155335 -0.00010777226949578144 -0.0044421927060827237 0.0029850584765275319 -0.0047646857505168286
leaf_weight=5724 385 375 290 135 70 20 248 65 243 43 628 258 33 123
leaf_count=5724 385 375 290 135 70 20 248 65 243 43 628 258 33 123
internal_value=-3.23527e-12 0.000347039 0.00208105 -0.000148189 0.00378069 -0.0035169 -0.00377789 0.00308182 0.00377443 -0.000336322 0.000820292 -0.00311794 0.00812998 -0.00213059
internal_weight=8640 7864 1747 6117 744 776 756 641 533 108 1003 393 103 371
internal_count=8640 7864 1747 6117 744 776 756 641 533 108 1003 393 103 371
is_linear=0
shrinkage=0.05


Tree=17
num_leaves=15
num_cat=0
split_feature=4 8 5 4 8 4 6 1 3 3 1 2 3 0
split_gain=3.83735 2.77414 1.09561 1.01335 1.5839 0.672603 0.696628 0.624063 0.627538 0.704532 0.766213 0.502061 0.483616 0.476322
threshold=0.8500000000000002 0.7166666666666669 0.35000000000000003 5.0500000000000016 2.5833333333333339 0.35000000000000003 0.35000000000000009 16.079350000000005 2.0500000000000003 0.35000000000000003 27.379200000000004 75.043350000000018 1.1500000000000001 60.000000000000007
decision_type=2 2 2 2 2 2 2 2 2 2 2 2 2 2
left_child=1 5 -2 4 12 6 -1 -3 9 -9 -11 -8 -4 -6
right_child=2 7 3 -5 13 -7 11 8 -10 10 -12 -13 -14 -15
leaf_value=-8.6005865598577164e-05 -0.0046214237330416902 0.0099040856644991918 -0.0027457534002218844 -0.0093277693333986555 0.011367681016769982 -0.0018292335610959626 -0.00018300514793438694 0.00024225294128455948 0.0010960805056954869 0.0039359726370351176 0.01063157964187364 0.0019997903435029526 0.00045893655142522066 0.00161483297567992
leaf_weight=4970 462 31 364 38 31 450 397 113 369 389 48 783 174 21
leaf_count=4970 462 31 364 38 31 450 397 113 369 389 48 783 174 21
internal_value=-1.06024e-12 0.000400377 -0.00277325 -0.00141361 -0.000903881 3.67543e-05 0.00017329 0.00292659 0.00269123 0.00376143 0.00467142 0.00126541 -0.00170929 0.00742903
internal_weight=8640 7550 1090 628 590 6600 6150 950 919 550 437 1180 538 52
internal_count=8640 7550 1090 628 590 6600 6150 950 919 550 437 1180 538 52
is_linear=0
shrinkage=0.05


Tree=18
num_leaves=15
num_cat=0
split_feature=4 5 1 3 3 4 3 4 8 7 3 1 1 1
split_gain=3.49798 2.3219 1.25396 1.00462 1.02177 0.927232 0.785905 0.686681 1.26259 0.635063 0.560779 0.533979 0.475494 0.466247
threshold=1.1500000000000001 0.65000000000000002 16.079350000000005 0.75000000000000011 2.5500000000000003 0.25000000000000006 0.15000000000000005 8.5500000000000025 3.8833333333333342 0.1330716345648871 0.65000000000000002 27.379200000000004 27.379200000000004 27.379200000000004
decision_type=2 2 2 2 2 2 2 2 2 2 2 2 2 2
left_child=1 5 -3 -4 12 9 -7 8 10 -1 -2 -11 -5 -12
right_child=7 2 3 4 -6 6 -8 -9 -10 11 13 -13 -14 -15
leaf_value=-8.4114204613050747e-05 -0.0046027503840542364 0.014354245925676965 0.00088876026424400921 0.0043466194155830362 0.00017714205067222047 -0.0039543622790335761 -0.0006021190261316392 -0.0099461095821526332 0.0092101839681466412 0.00066471480763521029 -0.0010652200984899202 0.0034082377107677469 0.0092681901946920775 -0.006232635180155436
leaf_weight=4750 365 21 770 319 146 254 561 36 21 753 303 232 58 51
leaf_count=4750 365 21 770 319 146 254 561 36 21 753 303 232 58 51
internal_value=1.26538e-12 0.000316032 0.00223423 0.00203738 0.00372847 -6.87783e-05 -0.00164687 -0.00320268 -0.00287462 0.000155484 -0.00322758 0.0013109 0.00510378 -0.00180968
internal_weight=8640 7864 1314 1293 523 6550 815 776 740 5735 719 985 377 354
internal_count=8640 7864 1314 1293 523 6550 815 776 740 5735 719 985 377 354
is_linear=0
shrinkage=0.05


Tree=19
num_leaves=15
num_cat=0
split_feature=4 8 3 1 1 5 4 7 3 5 1 8 3 3
split_gain=3.19996 2.26749 1.22339 0.728508 0.607995 0.60533 0.82331 0.4084 0.468329 0.549457 0.390484 0.585375 0.460958 0.374033
threshold=0.65000000000000002 0.61666666666666681 0.35000000000000003 27.379200000000004 27.379200000000004 1.2500000000000002 1.7500000000000002 1.9985943713417356 0.45000000000000007 0.35000000000000003 16.079350000000005 0.8500000000000002 2.0500000000000003 1.0000000180025095e-35
decision_type=2 2 2 2 2 2 2 2 2 2 2 2 2 2
left_child=1 -1 13 5 10 -4 -7 8 -6 -10 11 -3 -12 -2
right_child=2 4 3 -5 7 6 -8 -9 9 -11 12 -13 -14 -15
leaf_value=4.8585662542080846e-05 -0.0064074933528900152 0.00039010874927043916 -0.0013952453736357897 -0.0052248539165449664 0.0013467070145102649 0.0046643420892198469 -0.0023276638784580795 -0.00065279032032077131 0.0022727706921560802 0.0097810232621985821 0.0025709353105846156 0.012086244251417078 4.4507098811349476e-05 -0.0033591515059271967
leaf_weight=6254 147 20 590 97 39 108 69 26 34 86 562 23 266 319
leaf_count=6254 147 20 590 97 39 108 69 26 34 86 562 23 266 319
internal_value=-3.14062e-12 0.000410443 -0.00225589 -0.00114221 0.00255349 -0.000625886 0.00193864 0.00515671 0.00610669 0.00765369 0.00200056 0.00664618 0.0017593 -0.00432075
internal_weight=8640 7310 1330 864 1056 767 177 185 159 120 871 43 828 466
internal_count=8640 7310 1330 864 1056 767 177 185 159 120 871 43 828 466
is_linear=0
shrinkage=0.05


Tree=20
num_leaves=15
num_cat=0
split_feature=4 5 1 3 3 4 5 3 3 6 1 0 4 5
split_gain=2.90249 1.94842 1.09603 0.847945 0.903377 0.781506 0.616795 0.562815 0.547796 0.509718 0.499286 0.496275 0.51179 0.448309
threshold=1.1500000000000001 0.65000000000000002 16.079350000000005 0.75000000000000011 3.0500000000000003 0.35000000000000003 6.7500000000000009 0.75000000000000011 1.0000000180025095e-35 0.35000000000000009 27.379200000000004 60.000000000000007 1.9500000000000002 2.1500000000000008
decision_type=2 2 2 2 2 2 2 2 2 2 2 2 2 2
left_child=1 5 -3 -4 10 9 7 -2 -7 -1 -5 -9 -13 -6
right_child=6 2 3 4 13 8 -8 11 -10 -11 -12 12 -14 -15
leaf_value=-8.0206149492658294e-05 -0.0043766886078570001 0.013376154621974343 0.00080574698360295145 0.0037341765045159183 -0.0028894278437715686 -0.0048935840073091961 0.0057493742683436726 -0.00024473588003332285 -0.0010463958051214381 0.0012051415592404609 0.0085362120262288954 -0.00099000064261510218 -0.0076040712426063322 0.0039935338789863243
leaf_weight=4970 417 21 770 351 73 111 20 222 556 913 64 59 58 35
leaf_count=4970 417 21 770 351 73 111 20 222 556 913 64 59 58 35
internal_value=-1.26672e-12 0.000287878 0.00204504 0.00186101 0.00341464 -6.46281e-05 -0.00291736 -0.00314664 -0.00168663 0.000119271 0.00447473 -0.00163356 -0.00426877 -0.000658838
internal_weight=8640 7864 1314 1293 523 6550 776 756 667 5883 415 339 117 108
internal_count=8640 7864 1314 1293 523 6550 776 756 667 5883 415 339 117 108
is_linear=0
shrinkage=0.05


Tree=21
num_leaves=15
num_cat=0
split_feature=4 8 3 5 4 3 6 6 4 3 1 1 2 8
split_gain=2.64239 1.89491 1.03767 0.628615 0.707591 0.522813 0.527403 0.508833 0.506961 0.464708 0.456211 0.437692 0.425534 0.423666
threshold=0.65000000000000002 0.7166666666666669 0.35000000000000003 1.2500000000000002 1.7500000000000002 2.0500000000000003 2.4500000000000006 3.4500000000000006 0.25000000000000006 0.25000000000000006 27.379200000000004 27.379200000000004 86.003450000000015 3.9833333333333338
decision_type=2 2 2 2 2 2 2 2 2 2 2 2 2 2
left_child=1 -1 -2 11 -5 8 -7 -8 9 -3 -11 -4 -9 -14
right_child=2 5 3 4 -6 6 7 12 -10 10 -12 -13 13 -15
leaf_value=8.1157482544306266e-05 -0.0039516398468096804 0.00094067896793906887 -0.0012595728939000549 0.0039260652790872909 -0.0023470560104701006 -0.0020759146954734079 0.0051492958416635495 0.0037502927719142987 0.0014912002658820712 0.0049914872221821964 0.011224442779305666 -0.0051171845265170785 -0.002790241370199841 0.0051137081036965052
leaf_weight=6461 466 60 590 117 73 93 99 69 170 215 34 84 88 21
leaf_count=6461 466 60 590 117 73 93 99 69 170 215 34 84 88 21
internal_value=1.2055e-12 0.000372974 -0.00204996 -0.00102428 0.00151587 0.00259374 0.00118199 0.0022758 0.00368423 0.00489075 0.00584257 -0.00174034 0.000677623 -0.00126746
internal_weight=8640 7310 1330 864 190 849 370 277 479 309 249 674 178 109
internal_count=8640 7310 1330 864 190 849 370 277 479 309 249 674 178 109
is_linear=0
shrinkage=0.05


Tree=22
num_leaves=15
num_cat=0
split_feature=4 3 4 5 4 8 1 1 5 3 3 5 3 3
split_gain=2.40831 1.68159 0.953664 0.873227 0.606835 1.05768 0.566202 0.467654 0.459047 0.452601 0.575968 0.563068 0.501253 0.426878
threshold=1.1500000000000001 0.45000000000000007 0.25000000000000006 0.65000000000000002 8.5500000000000025 3.8833333333333342 27.379200000000004 16.079350000000005 0.35000000000000003 2.7500000000000004 1.0500000000000003 2.1500000000000008 3.3500000000000001 1.3500000000000003
decision_type=2 2 2 2 2 2 2 2 2 2 2 2 2 2
left_child=1 2 -1 -3 5 8 9 -4 -2 10 -5 -11 -13 -10
right_child=4 3 7 6 -6 -7 -8 -9 13 11 -12 12 -14 -15
leaf_value=8.0781169335418312e-05 -0.0041068955339790937 0.00066759678230960545 -0.0061096779288603896 0.0014688854622012327 -0.008996689733531741 0.0087117706957672326 0.0063692594087203444 -0.0015314949555686849 -0.0026820704812225617 -0.0035125763058805695 0.0047690113325154892 -0.0019265475496649744 0.00889660891590883 0.00078800237456735738
leaf_weight=5499 314 1003 62 290 36 21 103 556 274 65 243 20 23 131
leaf_count=5499 314 1003 62 290 36 21 103 556 274 65 243 20 23 131
internal_value=3.26681e-13 0.000262228 -0.00012851 0.00163037 -0.00265742 -0.00234902 0.0029283 -0.00199079 -0.00267208 0.00237538 0.00297345 -0.00057617 0.00386258 -0.00155965
internal_weight=8640 7864 6117 1747 776 740 744 618 719 641 533 108 43 405
internal_count=8640 7864 6117 1747 776 740 744 618 719 641 533 108 43 405
is_linear=0
shrinkage=0.05


Tree=23
num_leaves=15
num_cat=0
split_feature=4 6 3 1 1 5 4 8 4 5 5 3 8 3
split_gain=2.19319 1.6445 0.894913 0.610279 0.691028 0.781123 0.600715 0.715981 0.425011 0.487703 0.418373 0.405607 0.377692 0.336267
threshold=0.65000000000000002 0.65000000000000024 0.15000000000000005 27.379200000000004 16.079350000000005 0.45000000000000007 8.5500000000000025 3.7333333333333343 1.4500000000000002 1.0500000000000003 1.5500000000000003 1.0500000000000003 1.716666666666667 0.25000000000000006
decision_type=2 2 2 2 2 2 2 2 2 2 2 2 2 2
left_child=1 -1 -2 4 5 -3 7 8 9 -4 12 -11 -6 -5
right_child=2 3 6 13 10 -7 -8 -9 -10 11 -12 -13 -14 -15
leaf_value=-6.4800293233057644e-05 -0.004281208802236482 0.0028878826705488899 -0.0011818310917962593 0.0014273043227634237 0.00039800973121751227 0.012933345353635757 -0.0089885329206784558 0.0072050287065884254 -0.0025304751137356415 -0.00013168586360517935 0.002158008770737737 0.0051999923204176972 -0.0046530693450059077 0.0046875377906213421
leaf_weight=5662 298 122 463 120 725 23 24 26 373 84 387 62 39 232
leaf_count=5662 298 122 463 120 725 23 24 26 373 84 387 62 39 232
internal_value=3.63082e-12 0.000339796 -0.0018676 0.00172986 0.00122841 0.0044813 -0.00117065 -0.00098451 -0.00120134 -0.000387274 0.000818624 0.00213245 0.000140167 0.00357609
internal_weight=8640 7310 1330 1648 1296 145 1032 1008 982 609 1151 146 764 352
internal_count=8640 7310 1330 1648 1296 145 1032 1008 982 609 1151 146 764 352
is_linear=0
shrinkage=0.05


Tree=24
num_leaves=15
num_cat=0
split_feature=4 3 5 5 4 7 4 3 7 3 1 4 7 4
split_gain=1.98887 1.57546 0.766074 0.701231 0.719951 1.22901 0.630509 0.570879 0.584185 0.547548 0.554452 0.399489 0.386912 0.36642
threshold=0.8500000000000002 0.35000000000000003 0.65000000000000002 0.35000000000000003 5.0500000000000016 2.1192231389931826 0.45000000000000007 1.1500000000000001 1.252550121433847 3.0500000000000003 27.379200000000004 2.6500000000000008 0.22586347517122232 2.6500000000000008
decision_type=2 2 2 2 2 2 2 2 2 2 2 2 2 2
left_child=1 6 -3 13 5 7 -1 11 -9 10 -4 -5 -8 -2
right_child=3 2 9 4 -6 -7 12 8 -10 -11 -12 -13 -14 -15
leaf_value=-1.2353226801665649e-05 -0.0028601698472877769 0.00069913492682707875 0.0027548476625740043 -0.0017248676117845763 -0.0075795561467346395 0.0095578675110150006 0.00077123815526961004 0.0001529927149962971 0.008474417252000422 -0.00064435300698485417 0.0071036628381296492 -0.0082749593406915671 -0.0039839135224722395 -0.0066994410285071753
leaf_weight=5520 388 1049 575 338 38 29 58 174 24 101 84 25 163 74
leaf_count=5520 388 1049 575 338 38 29 58 174 24 101 84 25 163 74
internal_value=7.33331e-12 0.000288241 0.00157494 -0.00199653 -0.000908786 -0.000479143 -0.000117198 -0.00099799 0.00116165 0.00278377 0.00330917 -0.00217598 -0.00273596 -0.00347512
internal_weight=8640 7550 1809 1090 628 590 5741 561 198 760 659 363 221 462
internal_count=8640 7550 1809 1090 628 590 5741 561 198 760 659 363 221 462
is_linear=0
shrinkage=0.05


Tree=25
num_leaves=15
num_cat=0
split_feature=4 3 4 1 5 1 4 8 2 3 3 0 5 4
split_gain=1.80149 1.28786 0.769163 0.695341 0.631322 0.459714 0.458988 0.811799 0.416356 0.385072 0.725994 0.420817 0.372179 0.443824
threshold=1.1500000000000001 0.45000000000000007 0.25000000000000006 27.379200000000004 1.5500000000000003 16.079350000000005 8.5500000000000025 3.8833333333333342 75.043350000000018 4.3500000000000005 3.0500000000000003 60.000000000000007 1.1500000000000001 1.0000000180025095e-35
decision_type=2 2 2 2 2 2 2 2 2 2 2 2 2 2
left_child=1 2 -1 4 5 -3 7 -2 -4 10 11 -6 13 -5
right_child=6 3 8 12 9 -7 -8 -9 -10 -11 -12 -13 -14 -15
leaf_value=7.2807981026121635e-05 -0.0023131816520693474 0.0030493711554323583 -4.4509019674385124e-06 0.0046694156327588571 0.0048027046411055971 0.000112664572510976 -0.0078115748655464921 0.007660052064983618 -0.0027321663283164347 0.0093919255257457167 -0.0049757402574900416 0.00058719322266471063 0.0072349602116211767 -0.00038025596528314055
leaf_weight=5499 719 153 214 115 173 1033 36 21 404 22 29 90 62 70
leaf_count=5499 719 153 214 115 173 1033 36 21 404 22 29 90 62 70
internal_value=9.13451e-12 0.000226797 -0.000115151 0.0014241 0.00101932 0.000491515 -0.00229837 -0.00203016 -0.00178762 0.00301287 0.00253226 0.00336013 0.00388232 0.00275873
internal_weight=8640 7864 6117 1747 1500 1186 776 740 618 314 292 263 247 185
internal_count=8640 7864 6117 1747 1500 1186 776 740 618 314 292 263 247 185
is_linear=0
shrinkage=0.05


Tree=26
num_leaves=15
num_cat=0
split_feature=4 5 0 4 3 1 1 3 4 5 3 8 3 3
split_gain=1.64907 1.22515 0.58311 0.538148 0.603603 0.585587 0.458683 0.455495 0.567013 0.610049 0.429072 0.424086 0.422275 0.460315
threshold=1.4500000000000002 1.5500000000000003 60.000000000000007 0.65000000000000002 0.55000000000000016 27.379200000000004 16.079350000000005 4.4500000000000011 1.0000000180025095e-35 0.35000000000000003 0.75000000000000011 0.51666666666666683 4.3500000000000005 3.0500000000000003
decision_type=2 2 2 2 2 2 2 2 2 2 2 2 2 2
left_child=1 3 10 4 -1 6 -6 8 9 -7 -2 -5 13 -3
right_child=2 12 -4 11 5 7 -8 -9 -10 -11 -12 -13 -14 -15
leaf_value=-4.9659640494938804e-05 -0.003023196979657472 0.002477064418665592 -0.0048271064937875849 -0.0034390869000079957 0.0033454357216221343 0.0031873722950027127 0.00017657042530669438 -0.0033088239037897442 0.00023589862021617593 0.010484290231640141 0.00047259058467812422 -0.0005932599866882134 0.0083024106213244898 -0.0037072211609938677
leaf_weight=5829 193 504 197 176 137 61 686 20 50 54 161 511 29 32
leaf_count=5829 193 504 197 176 137 61 686 20 50 54 161 511 29 32
internal_value=4.01325e-12 0.000180286 -0.0026467 1.16628e-05 0.000145705 0.00127545 0.000704073 0.0038173 0.00468107 0.00661375 -0.0014333 -0.00132232 0.0024258 0.00210785
internal_weight=8640 8089 551 7524 6837 1008 823 185 165 115 354 687 565 536
internal_count=8640 8089 551 7524 6837 1008 823 185 165 115 354 687 565 536
is_linear=0
shrinkage=0.05


Tree=27
num_leaves=15
num_cat=0
split_feature=4 5 0 3 4 4 8 1 5 1 3 3 3 3
split_gain=1.48828 1.10569 0.526257 0.494187 0.684236 0.520432 0.701099 0.711268 0.595568 0.509499 0.387237 0.381103 0.415434 0.413678
threshold=1.4500000000000002 1.5500000000000003 60.000000000000007 0.75000000000000011 0.25000000000000006 1.0000000180025095e-35 1.7833333333333337 27.379200000000004 0.35000000000000003 16.079350000000005 0.75000000000000011 4.3500000000000005 3.0500000000000003 0.35000000000000003
decision_type=2 2 2 2 2 2 2 2 2 2 2 2 2 2
left_child=1 3 10 4 -1 6 7 -5 -9 -6 -2 12 13 -3
right_child=2 11 -4 5 9 -7 -8 8 -10 -11 -12 -13 -14 -15
leaf_value=4.5637920781591575e-05 -0.0028720371754492584 0.00026237354208917725 -0.0045857511411142079 0.0016317341146331475 -0.0054768400623986168 0.00023481145509490279 -0.0064958494529128085 0.0031236407320665302 0.010945399581558175 -0.0011049263270227908 0.0004489610171211618 0.0078872900937908674 -0.0035218600081861951 0.003334624745863362
leaf_weight=5628 193 161 197 231 73 709 20 53 45 765 161 29 32 343
leaf_count=5628 193 161 197 231 73 709 20 53 45 765 161 29 32 343
internal_value=1.32635e-13 0.000171271 -0.00251436 1.10796e-05 -0.000152834 0.00101285 0.00259344 0.00314598 0.00671526 -0.00148577 -0.00136164 0.00230451 0.00200246 0.00235321
internal_weight=8640 8089 551 7524 6466 1058 349 329 98 838 354 565 536 504
internal_count=8640 8089 551 7524 6466 1058 349 329 98 838 354 565 536 504
is_linear=0
shrinkage=0.05


Tree=28
num_leaves=15
num_cat=0
split_feature=4 8 5 3 3 4 4 7 2 4 7 2 3 3
split_gain=1.35801 1.1531 0.59159 0.657009 0.461652 0.401791 0.397299 0.391384 0.31538 0.302371 0.334468 0.717243 0.724353 0.494995
threshold=0.8500000000000002 0.61666666666666681 2.3500000000000001 2.2500000000000004 1.0000000180025095e-35 0.15000000000000005 1.9500000000000002 0.1330716345648871 75.043350000000018 0.25000000000000006 0.9422194171852164 75.043350000000018 1.6500000000000001 0.45000000000000007
decision_type=2 2 2 2 2 2 2 2 2 2 2 2 2 2
left_child=1 5 4 6 -2 7 -4 -1 -7 10 11 -3 13 -13
right_child=2 9 3 -5 -6 8 -8 -9 -10 -11 -12 12 -14 -15
leaf_value=-7.5305736252676567e-05 -0.0050764907296712795 0.00062179655666236115 0.0029327524304833441 0.009713895369151777 -0.0016285877928403189 6.939741654280299e-05 -0.0046763673906439337 0.0010176391724951064 -0.0019661621637857714 0.00072564814796527877 0.0013961303582508472 0.0013798940572000687 0.0017001200547175747 0.0099523301795125009
leaf_weight=4591 109 119 42 22 888 333 29 997 444 494 396 21 70 85
leaf_count=4591 109 119 42 22 888 333 29 997 444 494 396 21 70 85
internal_value=-3.91083e-13 0.00023818 -0.00164978 0.00216416 -0.00200554 -2.84382e-05 -0.000175198 0.000119695 -0.00109378 0.00167027 0.00234558 0.0036201 0.00564735 0.00825402
internal_weight=8640 7550 1090 93 997 6365 71 5588 777 1185 691 295 176 106
internal_count=8640 7550 1090 93 997 6365 71 5588 777 1185 691 295 176 106
is_linear=0
shrinkage=0.05


Tree=29
num_leaves=15
num_cat=0
split_feature=4 5 1 4 1 3 3 0 5 3 8 4 3 5
split_gain=1.2452 0.939894 0.869601 0.509679 0.483449 0.476002 0.566713 0.471663 0.336804 0.349881 0.369175 0.322081 0.423503 0.379486
threshold=1.4500000000000002 0.65000000000000002 16.079350000000005 0.25000000000000006 16.079350000000005 0.75000000000000011 2.5500000000000003 60.000000000000007 2.4500000000000006 0.75000000000000011 0.7166666666666669 1.6500000000000001 1.1500000000000001 0.35000000000000003
decision_type=2 2 2 2 2 2 2 2 2 2 2 2 2 2
left_child=1 3 -3 -1 -5 -4 -7 8 9 10 -2 -11 -13 -14
right_child=7 2 5 4 -6 6 -8 -9 -10 11 -12 12 13 -15
leaf_value=8.5483320249370826e-05 0.0017582311455043966 0.01142651266640141 0.00041420740738836495 -0.0048883799056056894 -0.00082474358508608382 0.0032667300713861863 -0.00029916311690303822 -0.0042608829378268593 0.0038597919388363763 -0.0038872015791841679 -0.0041539598710446414 0.007761062944138592 -0.0045353207923471929 0.0025020178301997905
leaf_weight=5735 32 21 830 80 860 410 153 197 30 36 151 22 30 53
leaf_count=5735 32 21 830 80 860 410 153 197 30 36 151 22 30 53
internal_value=-2.63787e-12 0.000156661 0.00132768 -9.14012e-05 -0.00117058 0.00117543 0.00229767 -0.00229988 -0.00120859 -0.00167788 -0.00312013 0.000193982 0.00159324 -4.15985e-05
internal_weight=8640 8089 1414 6675 940 1393 563 551 354 324 183 141 105 83
internal_count=8640 8089 1414 6675 940 1393 563 551 354 324 183 141 105 83
is_linear=0
shrinkage=0.05


Tree=30
num_leaves=15
num_cat=0
split_feature=4 8 5 3 3 4 4 7 1 1 8 2 7 1
split_gain=1.13162 0.982063 0.508751 0.589226 0.397041 0.34347 0.337747 0.344694 0.28681 0.355073 0.298481 0.274601 0.266711 0.264246
threshold=0.8500000000000002 0.61666666666666681 2.3500000000000001 2.2500000000000004 1.0000000180025095e-35 1.9500000000000002 0.15000000000000005 0.1330716345648871 27.379200000000004 16.079350000000005 0.51666666666666683 75.043350000000018 0.81101648958368222 27.379200000000004
decision_type=2 2 2 2 2 2 2 2 2 2 2 2 2 2
left_child=1 6 4 5 -2 -4 7 -1 9 -9 -11 -8 -6 -3
right_child=2 13 3 -5 12 -7 11 8 -10 10 -12 -13 -14 -15
leaf_value=-7.5814615474294525e-05 -0.0046838706555784844 0.0012097056102286462 0.0027051914682877914 0.0091805339748547831 -0.00091357522024916235 -0.0043697009296638179 7.9994245960905743e-05 0.0023117433928711534 0.0022902786262790887 0.00022802138726555089 -0.0032356108331845867 -0.0018194117506019202 -0.0027973151073308177 0.003231789599838691
leaf_weight=4591 109 992 42 22 618 29 333 183 285 457 72 444 270 193
leaf_count=4591 109 992 42 22 618 29 333 183 285 457 72 444 270 193
internal_value=-4.15622e-12 0.000217422 -0.001506 0.00203084 -0.00183591 -0.000184553 -2.86293e-05 0.000107186 0.00094987 0.00041333 -0.000243399 -0.00100538 -0.00148633 0.00153904
internal_weight=8640 7550 1090 93 997 71 6365 5588 997 712 529 777 888 1185
internal_count=8640 7550 1090 93 997 71 6365 5588 997 712 529 777 888 1185
is_linear=0
shrinkage=0.05


Tree=31
num_leaves=15
num_cat=0
split_feature=4 8 5 4 7 3 7 1 7 3 8 3 5 4
split_gain=1.03109 0.833252 0.547854 0.557551 0.916667 0.497962 0.444609 0.460744 0.440991 0.427773 0.331302 0.326306 0.386285 0.345522
threshold=0.65000000000000002 0.7166666666666669 0.35000000000000003 5.0500000000000016 2.1192231389931826 1.1500000000000001 0.66248212027472242 16.079350000000005 1.252550121433847 1.0500000000000003 1.2833333333333337 2.8500000000000001 1.1500000000000001 1.3500000000000003
decision_type=2 2 2 2 2 2 2 2 2 2 2 2 2 2
left_child=1 -1 -2 4 5 10 9 -8 11 -3 -4 12 -7 -14
right_child=2 6 3 -5 -6 8 7 -9 -10 -11 -12 -13 13 -15
leaf_value=3.947550735716094e-05 -0.0024415950822003654 0.0011751480873857367 -0.00083943491228733597 -0.0062954786772790707 0.0078111272118985657 -0.00048218004493380664 0.0071627988510074153 0.00092976569137296315 0.0076951435878872881 0.0067805374029104581 -0.0044757827837020167 -0.0042526974310648849 0.0086434006154636998 0.0014728378027766234
leaf_weight=6461 576 61 380 38 35 102 31 680 25 77 75 29 28 42
leaf_count=6461 576 61 380 38 35 102 31 680 25 77 75 29 28 42
internal_value=2.9343e-12 0.000232986 -0.00128054 -0.000393588 -8.03591e-05 -0.000485942 0.00170562 0.00120153 0.00143249 0.00430279 -0.00143883 0.000653551 0.00148077 0.00434106
internal_weight=8640 7310 1330 754 716 681 849 711 226 138 455 201 172 70
internal_count=8640 7310 1330 754 716 681 849 711 226 138 455 201 172 70
is_linear=0
shrinkage=0.05


Tree=32
num_leaves=15
num_cat=0
split_feature=4 3 4 5 4 8 1 5 0 2 2 4 8 8
split_gain=0.945276 0.786709 0.695583 0.56818 0.540069 0.564083 0.775261 0.53236 0.416695 0.323506 0.318118 0.385172 0.635845 0.299345
threshold=1.4500000000000002 0.35000000000000003 0.45000000000000007 1.5500000000000003 1.0000000180025095e-35 1.7833333333333337 27.379200000000004 0.35000000000000003 60.000000000000007 75.043350000000018 86.003450000000015 2.7500000000000004 0.88333333333333353 1.3166666666666669
decision_type=2 2 2 2 2 2 2 2 2 2 2 2 2 2
left_child=1 2 -1 4 5 6 -3 -8 -2 -4 -10 12 -12 -5
right_child=8 3 9 13 -6 -7 7 -9 10 -11 11 -13 -14 -15
leaf_value=-1.8196828367882003e-05 -0.00097811048347923898 0.0010303842446334553 0.00030700789258056847 0.0044029847345629473 -4.4189328152518267e-05 -0.0064340973552316424 0.0024765899490663094 0.0086399695234229933 -0.0055974210412906749 -0.003021559613022827 -0.0046052498519420625 -0.0057657188764124213 0.0064608730914187621 0.0015897996843288185
leaf_weight=5520 354 418 97 151 1194 20 76 65 112 295 25 33 27 253
leaf_count=5520 354 418 97 151 1194 20 76 65 112 295 25 33 27 253
internal_value=3.66156e-13 0.000136496 -0.000162724 0.000949079 0.000563494 0.00181665 0.00211184 0.00531786 -0.00200385 -0.00219791 -0.00384704 -0.00154066 0.00114062 0.00264126
internal_weight=8640 8089 5912 2177 1773 579 559 141 551 392 197 85 52 404
internal_count=8640 8089 5912 2177 1773 579 559 141 551 392 197 85 52 404
is_linear=0
shrinkage=0.05


Tree=33
num_leaves=15
num_cat=0
split_feature=4 5 1 6 3 0 4 2 5 1 7 3 3 5
split_gain=0.856544 0.721635 0.744836 0.332768 0.441688 0.355367 0.349714 0.364203 0.32677 0.294272 0.273667 0.265829 0.38035 0.635009
threshold=1.1500000000000001 0.65000000000000002 16.079350000000005 2.4500000000000006 2.2500000000000004 60.000000000000007 0.15000000000000005 75.043350000000018 6.7500000000000009 27.379200000000004 0.1330716345648871 0.25000000000000006 2.7500000000000004 2.1500000000000008
decision_type=2 2 2 2 2 2 2 2 2 2 2 2 2 2
left_child=1 3 -3 4 6 -5 10 -8 -2 11 -1 -4 -13 -14
right_child=8 2 9 5 -6 -7 7 -9 -10 -11 -12 12 13 -15
leaf_value=-7.3083284214334554e-05 -0.0017516996047359297 0.010566738819969553 -0.00077414984155793566 0.00029337498840064773 -0.005883067702410644 0.0052042908527598283 0.00015112707785823768 -0.0017923334752952703 0.0047233900520950558 0.002599635297674539 0.00093441702767357794 0.0015567265635243082 -0.0049092021436550684 0.0029980301120600037
leaf_weight=4591 756 21 236 93 33 61 425 557 20 254 790 698 62 43
leaf_count=4591 756 21 236 93 33 61 425 557 20 254 790 698 62 43
internal_value=6.88414e-12 0.000156386 0.00122576 -5.81423e-05 -0.000113442 0.00223861 -8.35198e-05 -0.000951223 -0.00158482 0.00107405 7.48307e-05 0.000701098 0.00113467 -0.001671
internal_weight=8640 7864 1314 6550 6396 154 6363 982 776 1293 5381 1039 803 105
internal_count=8640 7864 1314 6550 6396 154 6363 982 776 1293 5381 1039 803 105
is_linear=0
shrinkage=0.05


Tree=34
num_leaves=15
num_cat=0
split_feature=4 3 4 5 4 8 1 5 0 3 2 4 8 2
split_gain=0.785486 0.665658 0.598136 0.48477 0.457737 0.503714 0.694686 0.466864 0.379297 0.28136 0.280893 0.350562 0.567324 0.278995
threshold=1.4500000000000002 0.35000000000000003 0.45000000000000007 1.5500000000000003 1.0000000180025095e-35 1.7833333333333337 27.379200000000004 0.35000000000000003 60.000000000000007 1.0000000180025095e-35 86.003450000000015 2.7500000000000004 0.88333333333333353 75.043350000000018
decision_type=2 2 2 2 2 2 2 2 2 2 2 2 2 2
left_child=1 2 -1 4 5 6 -3 -8 9 -2 -10 12 -12 -4
right_child=8 3 13 -5 -6 -7 7 -9 10 -11 11 -13 -14 -15
leaf_value=-1.6791159108886835e-05 -0.0044955298628496084 0.00092464283428435627 0.00028815682804615229 0.002434931513202137 -4.372659304817488e-05 -0.0061273429822176692 0.0023224473342691597 0.0080942476419015568 -0.0052299650203037479 -0.00030326422080155708 -0.0042874023169279102 -0.0054487123323435135 0.0061654597460464753 -0.0028029550328235128
leaf_weight=5520 46 418 97 404 1194 20 76 65 112 308 25 33 27 295
leaf_count=5520 46 418 97 404 1194 20 76 65 112 308 25 33 27 295
internal_value=1.16735e-12 0.000124426 -0.000150813 0.000871883 0.000515723 0.00166941 0.00194836 0.00498321 -0.00182664 -0.000848022 -0.00358518 -0.00141794 0.00114005 -0.00203806
internal_weight=8640 8089 5912 2177 1773 579 559 141 551 354 197 85 52 392
internal_count=8640 8089 5912 2177 1773 579 559 141 551 354 197 85 52 392
is_linear=0
shrinkage=0.05


Tree=35
num_leaves=15
num_cat=0
split_feature=4 5 1 1 4 1 0 7 3 5 3 0 1 6
split_gain=0.708901 0.603121 0.80098 0.366332 0.351659 0.342792 0.342315 0.284141 0.32844 0.543654 0.426801 0.354812 0.495483 0.34237
threshold=1.4500000000000002 0.45000000000000007 16.079350000000005 27.379200000000004 0.25000000000000006 16.079350000000005 60.000000000000007 4.76674854120352 2.7500000000000004 2.1500000000000008 1.0500000000000003 60.000000000000007 22.610250000000004 2.6500000000000008
decision_type=2 2 2 2 2 2 2 2 2 2 2 2 2 2
left_child=1 4 -3 7 -1 -6 -2 8 10 -10 -4 -12 -13 -14
right_child=6 2 3 -5 5 -7 -8 -9 9 -11 11 12 13 -15
leaf_value=2.822153030172355e-05 -0.00080562081368177035 0.0093158991570817303 3.6247499246643315e-05 0.002301050068685649 -0.0042054896720219405 -0.00075132163011076153 -0.0034059247377843877 0.0047163281381424321 -0.004600755391073982 0.0029904018594499901 0.0031223490531947624 -0.0055526645381178243 0.0056942054245155312 -0.0025743378902829831
leaf_weight=5506 354 28 973 328 80 703 197 38 77 34 238 32 31 21
leaf_count=5506 354 28 973 328 80 703 197 38 77 34 238 32 31 21
internal_value=-1.19426e-12 0.000118205 0.000925215 0.000792631 -0.000112773 -0.00110424 -0.00173531 0.000449999 0.000334692 -0.00227554 0.000558426 0.00213631 -0.000657452 0.00235499
internal_weight=8640 8089 1800 1772 6289 783 551 1444 1406 111 1295 322 84 52
internal_count=8640 8089 1800 1772 6289 783 551 1444 1406 111 1295 322 84 52
is_linear=0
shrinkage=0.05


Tree=36
num_leaves=15
num_cat=0
split_feature=4 3 1 3 4 7 1 5 3 4 5 6 5 5
split_gain=0.643704 0.570108 0.431537 0.427815 0.379959 0.57493 0.253134 0.739236 0.250207 0.386582 0.342914 0.246628 0.37034 0.394974
threshold=0.65000000000000002 0.35000000000000003 27.379200000000004 1.0000000180025095e-35 8.5500000000000025 2.1192231389931826 16.079350000000005 0.15000000000000005 1.4500000000000002 2.5500000000000003 1.0000000180025095e-35 4.6500000000000012 1.0500000000000003 1.7500000000000002
decision_type=2 2 2 2 2 2 2 2 2 2 2 2 2 2
left_child=1 -1 6 -2 5 8 7 -3 9 -5 -10 12 -4 -14
right_child=3 2 11 4 -6 -7 -8 -9 10 -11 -12 -13 13 -15
leaf_value=-5.6001332301607415e-05 -0.0035557225002862871 0.0010575908081813306 0.0023081348705230854 -0.00095362748381399773 -0.0059854645959355616 0.004397440187001069 0.00038617872577693691 0.0098480412570227469 -0.0041065205370874281 -0.0054486492027839032 0.0011940343285902959 -0.0019507863558828832 0.011450330773368479 0.002735028587854826
leaf_weight=5642 147 164 182 770 33 56 1218 28 35 51 238 24 26 26
leaf_count=5642 147 164 182 770 33 56 1218 28 35 51 238 24 26 26
internal_value=3.12114e-12 0.000184087 0.000996185 -0.00101179 -0.000695677 -0.000543883 0.000652167 0.00233953 -0.000796821 -0.00123286 0.000514476 0.00287628 0.00337137 0.00709268
internal_weight=8640 7310 1668 1330 1183 1150 1410 192 1094 821 273 258 234 52
internal_count=8640 7310 1668 1330 1183 1150 1410 192 1094 821 273 258 234 52
is_linear=0
shrinkage=0.05


Tree=37
num_leaves=15
num_cat=0
split_feature=4 5 3 3 0 3 0 8 4 7 8 3 3 6
split_gain=0.590704 0.533748 0.334724 0.354866 0.305419 0.258259 0.304632 0.432422 0.647742 0.335668 0.334258 0.32787 0.31603 0.422509
threshold=1.4500000000000002 1.5500000000000003 4.3500000000000005 3.0500000000000003 60.000000000000007 0.25000000000000006 60.000000000000007 1.0833333333333337 1.0000000180025095e-35 2.1550750527222404 1.716666666666667 1.5500000000000003 1.3500000000000003 2.0500000000000003
decision_type=2 2 2 2 2 2 2 2 2 2 2 2 2 2
left_child=1 -1 3 5 -2 -3 9 -8 -9 10 12 -10 -7 -14
right_child=4 2 -4 -5 -6 6 7 8 11 -11 -12 -13 13 -15
leaf_value=-3.3975770938918398e-06 -0.0007058935453010313 -0.00024009329128872465 0.006822105041094895 -0.0037987865129252897 -0.0031620666773535958 0.0022970210276393884 0.0049020944211971822 -0.0069705918403890205 -0.0013695737086784315 0.0094024701221358219 -0.0013481263427820524 0.006359992216786613 0.0027793577034026387 0.011487679899885105
leaf_weight=7524 354 135 29 32 197 124 37 34 34 21 40 23 30 26
leaf_count=7524 354 135 29 32 197 124 37 34 34 21 40 23 30 26
internal_value=-1.89739e-12 0.000107901 0.00159005 0.00130697 -0.00158405 0.00163114 0.00231574 0.000344466 -0.00150864 0.00336273 0.00278621 0.00174937 0.00370495 0.00682251
internal_weight=8640 8089 565 536 551 504 369 128 91 241 220 57 180 56
internal_count=8640 8089 565 536 551 504 369 128 91 241 220 57 180 56
is_linear=0
shrinkage=0.05


Tree=38
num_leaves=15
num_cat=0
split_feature=4 6 3 2 2 1 5 5 3 7 3 7 3 7
split_gain=0.554874 0.586193 0.546537 0.404082 0.409147 0.373209 0.322308 0.261105 0.52001 0.333989 0.246202 0.242161 0.221356 0.384089
threshold=0.45000000000000007 0.65000000000000024 1.0000000180025095e-35 75.043350000000018 86.003450000000015 27.379200000000004 6.7500000000000009 0.35000000000000003 4.0500000000000007 1.1799238225444346 0.75000000000000011 0.42815672430289303 0.25000000000000006 0.53953141390848514
decision_type=2 2 2 2 2 2 2 2 2 2 2 2 2 2
left_child=1 -1 -2 12 -5 6 10 9 -9 -6 11 -4 13 -3
right_child=2 3 5 4 7 -7 -8 8 -10 -11 -12 -13 -14 -15
leaf_value=-4.3750845607597608e-05 -0.003364271725629496 0.000248806584965099 -0.00011497852157651091 0.0026652184239562434 -0.0027630404140800238 -0.0025971974742070246 0.0050173331052064899 0.0017688033501201648 -0.0046539948376662591 0.0022758065979471618 0.00040635651250551207 -0.0020781622497540921 0.00018509579832294055 -0.0081682321696501716
leaf_weight=5511 188 33 347 479 100 185 29 431 34 49 605 287 339 23
leaf_count=5511 188 33 347 479 100 185 29 431 34 49 605 287 339 23
internal_value=-1.20588e-12 0.00019402 -0.000827512 0.00107464 0.00156996 -0.000499287 -0.000193203 0.000715519 0.00129918 -0.00110597 -0.000315161 -0.00100368 -0.000295978 -0.00320819
internal_weight=8640 6999 1641 1488 1093 1453 1268 614 465 149 1239 634 395 56
internal_count=8640 6999 1641 1488 1093 1453 1268 614 465 149 1239 634 395 56
is_linear=0
shrinkage=0.05


Tree=39
num_leaves=15
num_cat=0
split_feature=4 8 7 3 2 5 3 4 6 1 5 5 3 3
split_gain=0.500774 0.537688 0.538992 0.49325 0.43895 0.42814 0.472997 0.347114 0.492765 0.279719 0.305039 0.363268 0.3165 0.360521
threshold=0.45000000000000007 0.7166666666666669 0.78173079138292489 1.0000000180025095e-35 75.043350000000018 1.0500000000000003 0.65000000000000002 8.5500000000000025 7.9500000000000011 16.079350000000005 2.1500000000000008 1.0500000000000003 3.3500000000000001 2.0500000000000003
decision_type=2 2 2 2 2 2 2 2 2 2 2 2 2 2
left_child=1 -1 4 -2 5 -3 -7 8 -5 -4 11 -11 13 -12
right_child=3 2 9 7 -6 6 -8 -9 -10 10 12 -13 -14 -15
leaf_value=3.5917654556282624e-05 -0.0031960581481318053 0.0073356069624423981 0.0055575633325196548 -0.00048371520034083291 0.0068478249638768227 0.0030914765594887636 -0.0063720170281948933 -0.005543769314659365 0.0064635863670936006 0.00072917313107870817 0.002109611185126899 -0.003001929739691025 0.0072310628369450574 -0.0030553954358144507
leaf_weight=6279 188 22 29 1394 75 31 23 33 26 181 192 102 24 41
leaf_count=6279 188 22 29 1394 75 31 23 33 26 181 192 102 24 41
internal_value=-2.33353e-12 0.000184319 0.0014785 -0.000786136 0.0041341 0.00145609 -0.000939271 -0.000474322 -0.000356511 0.000773765 0.000516858 -0.000615606 0.00176389 0.00120075
internal_weight=8640 6999 720 1641 151 76 54 1453 1420 569 540 283 257 233
internal_count=8640 6999 720 1641 151 76 54 1453 1420 569 540 283 257 233
is_linear=0
shrinkage=0.05


Tree=40
num_leaves=15
num_cat=0
split_feature=4 5 1 6 3 0 4 8 4 5 2 3 7 1
split_gain=0.462678 0.448085 0.541234 0.264308 0.412451 0.322822 0.243588 0.467256 0.237889 0.279855 0.258836 0.216523 0.491245 0.383425
threshold=1.1500000000000001 0.65000000000000002 16.079350000000005 2.4500000000000006 2.2500000000000004 60.000000000000007 8.5500000000000025 3.8833333333333342 0.15000000000000005 1.0000000180025095e-35 75.043350000000018 0.75000000000000011 0.87685485557772347 22.610250000000004
decision_type=2 2 2 2 2 2 2 2 2 2 2 2 2 2
left_child=1 3 -3 4 8 -5 7 -2 -1 10 -10 -4 13 -13
right_child=6 2 11 5 -6 -7 -8 -9 9 -11 -12 12 -14 -15
leaf_value=5.6124144645511301e-05 -0.0011841104894044895 0.0089201848200034534 0.00029502575052902107 0.00013878058156459243 -0.0056787927123754019 0.0048194205147962348 -0.0051811325725995838 0.0063822900255521139 0.001471643720525412 -0.00015079262604372046 -0.0024398820092155628 0.0010000414780765904 0.0001013479620780585 0.004881423567793617
leaf_weight=5381 719 21 770 93 33 61 36 21 49 624 309 114 265 144
leaf_count=5381 719 21 770 93 33 61 36 21 49 624 309 114 265 144
internal_value=3.29934e-12 0.000114937 0.000957596 -5.41088e-05 -0.000103393 0.0019928 -0.00116478 -0.000969388 -7.4478e-05 -0.00079013 -0.00190451 0.000828273 0.00161336 0.00316639
internal_weight=8640 7864 1314 6550 6396 154 776 740 6363 982 358 1293 523 258
internal_count=8640 7864 1314 6550 6396 154 776 740 6363 982 358 1293 523 258
is_linear=0
shrinkage=0.05


Tree=41
num_leaves=15
num_cat=0
split_feature=4 3 4 5 4 8 1 5 0 8 8 8 3 3
split_gain=0.423114 0.43883 0.399126 0.324279 0.319734 0.425344 0.548253 0.357884 0.271884 0.250633 0.548088 0.305305 0.2485 0.406379
threshold=1.4500000000000002 0.35000000000000003 0.15000000000000005 1.5500000000000003 1.0000000180025095e-35 1.7833333333333337 27.379200000000004 0.35000000000000003 60.000000000000007 1.3166666666666669 1.5166666666666668 1.4166666666666672 4.3500000000000005 3.0500000000000003
decision_type=2 2 2 2 2 2 2 2 2 2 2 2 2 2
left_child=1 2 -1 4 5 6 -3 -8 -2 -5 11 -11 13 -12
right_child=8 3 -4 9 -6 -7 7 -9 -10 10 12 -13 -14 -15
leaf_value=2.7177852329524031e-05 -0.00051209610682322862 0.00071801721789867452 -0.0011914281167161025 0.0035886208589623577 -6.0658840624123371e-05 -0.0057934712804853924 0.0019939432254575781 0.0070473872107238728 -0.0028295068095111984 0.00018381771127072474 0.0024770328127341531 -0.0082446815530684871 0.0063645503194681534 -0.0037331856918171981
leaf_weight=5139 354 418 773 151 1194 20 76 65 197 21 149 22 29 32
leaf_count=5139 354 418 773 151 1194 20 76 65 197 21 149 22 29 32
internal_value=-1.28407e-12 9.13209e-05 -0.000132156 0.000698209 0.000406912 0.00137113 0.00162746 0.00432355 -0.00134064 0.0019766 0.00101449 -0.00412844 0.00206756 0.00137909
internal_weight=8640 8089 5912 2177 1773 579 559 141 551 404 253 43 210 181
internal_count=8640 8089 5912 2177 1773 579 559 141 551 404 253 43 210 181
is_linear=0
shrinkage=0.05


Tree=42
num_leaves=15
num_cat=0
split_feature=4 5 1 1 4 0 1 2 4 8 5 3 8 4
split_gain=0.38186 0.400837 0.592161 0.287512 0.259192 0.245375 0.240238 0.23434 0.305301 0.472741 0.217317 0.236884 0.339301 0.297168
threshold=1.4500000000000002 0.35000000000000003 16.079350000000005 27.379200000000004 0.25000000000000006 60.000000000000007 16.079350000000005 86.003450000000015 2.7500000000000004 0.88333333333333353 2.4500000000000006 0.75000000000000011 0.7166666666666669 1.6500000000000001
decision_type=2 2 2 2 2 2 2 2 2 2 2 2 2 2
left_child=1 4 -3 -4 -1 10 -6 -7 9 -9 11 12 -2 -13
right_child=5 2 3 -5 6 7 -8 8 -10 -11 -12 13 -14 -15
leaf_value=-3.0656736576993504e-06 0.0026266412751283497 0.0077832363114355074 0.00030960611155582483 0.0018606870929063887 -0.003617353172739968 -0.0041903441335307432 -0.00069752552143300067 -0.0032757689282298091 -0.0044700850704402634 0.006266050922028997 0.0035847515527469421 -0.0032434151753679748 -0.003041295222675934 0.0020208149310201409
leaf_weight=5359 32 29 1667 364 80 112 590 25 33 27 30 36 151 105
leaf_count=5359 32 29 1667 364 80 112 590 25 33 27 30 36 151 105
internal_value=-2.50901e-13 8.67549e-05 0.000688892 0.000587594 -0.000118984 -0.00127361 -0.00104616 -0.00268803 -0.000708514 0.00167864 -0.000486491 -0.000863458 -0.00205018 0.000676756
internal_weight=8640 8089 2060 2031 6029 551 670 197 85 52 354 324 183 141
internal_count=8640 8089 2060 2031 6029 551 670 197 85 52 354 324 183 141
is_linear=0
shrinkage=0.05


Tree=43
num_leaves=15
num_cat=0
split_feature=4 5 4 8 7 3 8 5 8 7 6 3 4 6
split_gain=0.356577 0.41934 0.35337 0.380899 0.430308 0.334989 0.262944 0.522059 0.459809 0.261748 0.57506 0.318437 0.303824 0.338594
threshold=5.0500000000000016 1.5500000000000003 0.8500000000000002 1.9833333333333338 1.7751341685567439 4.3500000000000005 1.7833333333333337 0.35000000000000003 0.91666666666666674 2.1192231389931826 4.1500000000000012 3.4500000000000006 0.25000000000000006 1.6500000000000004
decision_type=2 2 2 2 2 2 2 2 2 2 2 2 2 2
left_child=1 2 6 -4 -5 9 8 -8 -1 10 11 12 -3 -14
right_child=-2 5 3 4 -6 -7 7 -9 -10 -11 -12 -13 13 -15
leaf_value=-4.3348192672662361e-06 -0.0038092806858972452 0.0023569617452507373 -0.0012585213178785387 0.0074844643111444181 -0.0021918951626867058 0.0060802890371312113 0.0022044770409474553 -0.0078080389089882386 0.0022227665229487079 0.0033511518924829683 -0.0071954139452630088 -0.0051321091839954969 0.0019988629519539615 -0.0019224686967068156
leaf_weight=6750 61 250 840 27 20 34 23 30 240 98 23 21 99 124
leaf_count=6750 61 250 840 27 20 34 23 30 240 98 23 21 99 124
internal_value=-7.29101e-13 2.70855e-05 -7.29192e-05 -0.00101343 0.00336686 0.00124902 4.55297e-05 -0.00346298 7.21322e-05 0.000981928 0.00053283 0.000892647 0.00116013 -0.000181608
internal_weight=8640 8579 7930 887 47 649 7043 53 6990 615 517 494 473 223
internal_count=8640 8579 7930 887 47 649 7043 53 6990 615 517 494 473 223
is_linear=0
shrinkage=0.05


Tree=44
num_leaves=15
num_cat=0
split_feature=4 8 4 3 4 1 6 4 8 5 8 4 5 6
split_gain=0.32181 0.381887 0.41958 0.35704 0.304085 0.281716 0.256135 0.240296 0.237915 0.512893 0.206865 0.310576 0.300629 0.305058
threshold=5.0500000000000016 2.1500000000000004 0.8500000000000002 0.35000000000000003 1.0000000180025095e-35 27.379200000000004 2.4500000000000006 0.15000000000000005 3.8833333333333342 15.150000000000002 1.716666666666667 0.15000000000000005 0.65000000000000002 2.4500000000000006
decision_type=2 2 2 2 2 2 2 2 2 2 2 2 2 2
left_child=1 2 3 7 -3 10 -4 -1 -6 -10 12 -12 13 -5
right_child=-2 4 6 5 8 -7 -8 -9 9 -11 11 -13 -14 -15
leaf_value=1.7521027592350859e-05 -0.0036188166695417926 -0.0018988648781598342 -0.00070845055227515726 -0.00027986310113166618 0.0017807875086822298 0.002288155499696133 -0.0031659328718440698 -0.0010447116741200719 0.0098209253031640298 -0.00029940185514056966 0.00086316404502011018 -0.0060251689764360588 0.0015716111340131117 0.0028418417354301694
leaf_weight=5135 61 41 810 779 142 249 122 594 31 21 36 30 502 87
leaf_count=5135 61 41 810 779 142 249 122 594 31 21 36 30 502 87
internal_value=-4.56747e-14 2.57312e-05 -3.02531e-05 9.54745e-05 0.00201353 0.000735737 -0.00103014 -9.26145e-05 0.00284038 0.00573387 0.000466175 -0.0022679 0.000598082 3.37493e-05
internal_weight=8640 8579 8344 7412 235 1683 932 5729 194 52 1434 66 1368 866
internal_count=8640 8579 8344 7412 235 1683 932 5729 194 52 1434 66 1368 866
is_linear=0
shrinkage=0.05


Tree=45
num_leaves=15
num_cat=0
split_feature=4 3 4 5 1 4 0 1 2 4 8 5 7 5
split_gain=0.29428 0.349435 0.35957 0.273341 0.286799 0.331518 0.214939 0.214154 0.206999 0.264443 0.472924 0.202224 0.194606 0.577353
threshold=1.4500000000000002 0.25000000000000006 0.15000000000000005 1.5500000000000003 27.379200000000004 1.0000000180025095e-35 60.000000000000007 16.079350000000005 86.003450000000015 2.6500000000000008 0.88333333333333353 0.15000000000000005 0.76518811931770914 1.0500000000000003
decision_type=2 2 2 2 2 2 2 2 2 2 2 2 2 2
left_child=1 2 -1 4 7 -6 -2 11 -8 10 -10 -3 -9 -14
right_child=6 3 -4 -5 5 -7 8 12 9 -11 -12 -13 13 -15
leaf_value=-2.7070742687218018e-06 -0.00038137205072026175 0.0010219140565996853 -0.0012741287666982141 0.0017104054849153537 0.0029538278651889418 -0.00036181774806262048 -0.0038538121955103374 0.00012076130123834886 -0.0030038018971681596 -0.0038350601486551263 0.006822452047102464 0.0059738199456858092 -0.00051957716660884523 -0.0079038681214054426
leaf_weight=4917 354 199 627 430 200 121 112 1317 25 36 24 23 225 30
leaf_count=4917 354 199 627 430 200 121 112 1317 25 36 24 23 225 30
internal_value=1.3021e-12 7.61591e-05 -0.000146499 0.000561195 0.000327549 0.00170401 -0.00111806 8.126e-05 -0.00244185 -0.000581393 0.00180906 0.00153495 -0.000124032 -0.00138832
internal_weight=8640 8089 5544 2545 2115 321 551 1794 197 85 49 222 1572 255
internal_count=8640 8089 5544 2545 2115 321 551 1794 197 85 49 222 1572 255
is_linear=0
shrinkage=0.05


Tree=46
num_leaves=15
num_cat=0
split_feature=5 1 4 4 4 1 3 4 3 3 4 0 7 7
split_gain=0.285124 0.490596 0.417911 0.311961 0.406407 0.301867 0.336458 0.530949 0.364869 0.360261 0.298243 0.37508 0.280084 0.557227
threshold=0.35000000000000003 16.079350000000005 0.65000000000000002 5.0500000000000016 3.5500000000000003 22.610250000000004 4.4500000000000011 1.0000000180025095e-35 3.5500000000000003 3.9500000000000006 0.25000000000000006 36.000000000000007 2.3591420185392353 1.0666661580397585
decision_type=2 2 2 2 2 2 2 2 2 2 2 2 2 2
left_child=2 -2 -1 4 5 -3 8 -8 10 -10 -7 -12 13 -13
right_child=1 3 -4 -5 -6 6 7 -9 9 -11 11 12 -14 -15
leaf_value=-4.6641543939505846e-05 0.0068210438592359425 -0.00026334687041725842 -0.0014598686308697022 -0.0041071784731588866 0.0073842881114355155 0.0015618292981054601 -0.0089426078325645485 0.00091673114802688367 0.01048806996550411 0.0015620844940153452 -0.0019948386834230183 0.0013608856313813242 0.0052353962721741372 -0.0048121348272489256
leaf_weight=5698 30 984 576 38 21 704 22 36 20 26 164 244 34 43
leaf_count=5698 30 984 576 38 21 704 22 36 20 26 164 244 34 43
internal_value=1.34138e-12 0.000467729 -0.000176386 0.000386137 0.000460439 0.000396583 0.000898803 -0.00282302 0.00107359 0.00544295 0.000904552 -4.95171e-05 0.000944354 0.000436008
internal_weight=8640 2366 6274 2336 2298 2277 1293 58 1235 46 1189 485 321 287
internal_count=8640 2366 6274 2336 2298 2277 1293 58 1235 46 1189 485 321 287
is_linear=0
shrinkage=0.05


Tree=47
num_leaves=15
num_cat=0
split_feature=3 4 5 8 6 3 0 3 5 4 3 2 4 5
split_gain=0.261865 0.45237 0.237013 0.302462 0.356488 0.26971 0.426617 0.380315 0.318179 0.522597 0.324695 0.239406 0.46436 0.288758
threshold=0.75000000000000011 0.45000000000000007 0.45000000000000007 1.0833333333333337 1.9500000000000004 1.3500000000000003 36.000000000000007 2.0500000000000003 2.3500000000000001 1.0000000180025095e-35 2.8500000000000001 75.043350000000018 0.25000000000000006 0.8500000000000002
decision_type=2 2 2 2 2 2 2 2 2 2 2 2 2 2
left_child=1 -1 -2 4 11 6 -5 -7 -9 -10 -11 -4 13 -13
right_child=2 -3 3 5 -6 7 -8 8 9 10 -12 12 -14 -15
leaf_value=2.6661672445741347e-05 -8.4002698804645185e-05 -0.0011485372540065918 0.00066647419133549857 0.0024919920827960597 0.0085576717445457525 0.0030848199417642728 -0.0038874314196475192 -0.0010773319109912379 -0.0033291873389056752 0.00069677408402120432 0.0077539989915795821 0.0025541059020906687 -0.0013711896389863934 0.0084238642911342067
leaf_weight=6093 734 946 157 40 22 149 76 211 28 28 39 40 33 44
leaf_count=6093 734 946 157 40 22 149 76 211 28 28 39 40 33 44
internal_value=3.79967e-13 -0.000131278 0.000577181 0.00113694 0.00243402 0.000464544 -0.00168763 0.00101323 4.51424e-06 0.00240735 0.00480471 0.00194234 0.0036544 0.00562874
internal_weight=8640 7039 1601 867 296 571 116 455 306 95 67 274 117 84
internal_count=8640 7039 1601 867 296 571 116 455 306 95 67 274 117 84
is_linear=0
shrinkage=0.05


Tree=48
num_leaves=15
num_cat=0
split_feature=5 1 4 4 4 1 3 5 3 3 3 7 4 2
split_gain=0.246447 0.439877 0.369775 0.276003 0.363375 0.259065 0.301069 0.494428 0.327149 0.316056 0.276294 0.239667 0.315374 0.311875
threshold=0.35000000000000003 16.079350000000005 2.6500000000000008 5.0500000000000016 3.5500000000000003 22.610250000000004 4.4500000000000011 1.3500000000000003 3.5500000000000003 3.9500000000000006 3.0500000000000003 1.1925663124871955 0.15000000000000005 75.043350000000018
decision_type=2 2 2 2 2 2 2 2 2 2 2 2 2 2
left_child=2 -2 11 4 5 -3 8 -8 10 -10 -7 12 -1 -14
right_child=1 3 -4 -5 -6 6 7 -9 9 -11 -12 -13 13 -15
leaf_value=-1.1492342885141517e-05 0.0064507950268064941 -0.0002442582545442074 -0.0036775378104475505 -0.003868840683839823 0.0069745113540972993 0.00095599655024458652 -0.0071482040500268343 0.00209017407947353 0.0098605014348868286 0.0015000596642494202 -0.0040703357197344305 0.0019775646087482461 0.00036936472627115071 -0.0015901219599202575
leaf_weight=5104 30 984 74 38 21 1161 30 28 20 26 28 133 291 672
leaf_count=5104 30 984 74 38 21 1161 30 28 20 26 28 133 291 672
internal_value=3.86577e-13 0.00043485 -0.000163987 0.000357591 0.000427479 0.000367098 0.000832353 -0.0026883 0.000997696 0.00513503 0.00083763 -0.000122051 -0.000168079 -0.000998003
internal_weight=8640 2366 6274 2336 2298 2277 1293 58 1235 46 1189 6200 6067 963
internal_count=8640 2366 6274 2336 2298 2277 1293 58 1235 46 1189 6200 6067 963
is_linear=0
shrinkage=0.05


Tree=49
num_leaves=15
num_cat=0
split_feature=3 4 1 5 5 8 6 4 3 5 7 3 3 3
split_gain=0.227676 0.387188 0.212578 0.448534 0.211006 0.293053 0.333569 0.32098 0.416573 0.601685 0.622839 0.317373 0.244169 0.410197
threshold=0.75000000000000011 0.45000000000000007 16.079350000000005 1.0000000180025095e-35 0.45000000000000007 1.0833333333333337 1.9500000000000004 1.0000000180025095e-35 4.4500000000000011 1.9500000000000002 1.371534545407022 5.6000000000000005 3.0500000000000003 3.5500000000000003
decision_type=2 2 2 2 2 2 2 2 2 2 2 2 2 2
left_child=1 -1 3 -2 -4 6 -6 8 9 -7 -11 12 -9 -14
right_child=2 -3 4 -5 5 7 -8 11 -10 10 -12 -13 13 -15
leaf_value=2.3709991398041704e-05 0.0011138740936187288 -0.0010635290626718526 -0.00032426937094191094 0.0090139985719526368 0.001687502846686618 0.0049030571506591515 0.0080901717386123815 0.0011309114272864617 -0.0081570440660352298 -0.0090327602678111612 0.0011785041715484113 0.0068234325608327283 -0.0072433553300797942 0.0003434686883983593
leaf_weight=6093 98 946 625 22 270 32 22 341 23 28 32 21 25 62
leaf_count=6093 98 946 625 22 270 32 22 341 23 28 32 21 25 62
internal_value=2.46278e-12 -0.000122409 0.000538185 0.00256223 0.000374184 0.000884152 0.0021699 0.000218484 -0.00213843 -0.000633775 -0.00358675 0.000822147 0.000527692 -0.00183665
internal_weight=8640 7039 1601 120 1481 856 292 564 115 92 60 449 428 87
internal_count=8640 7039 1601 120 1481 856 292 564 115 92 60 449 428 87
is_linear=0
shrinkage=0.05


Tree=50
num_leaves=15
num_cat=0
split_feature=4 3 4 5 1 4 3 3 0 8 4 3 7 8
split_gain=0.215289 0.285251 0.268533 0.214274 0.241332 0.285876 0.190828 0.348247 0.293035 0.363828 0.586621 0.272392 0.264731 0.260132
threshold=1.4500000000000002 0.25000000000000006 0.15000000000000005 1.5500000000000003 27.379200000000004 1.0000000180025095e-35 4.3500000000000005 3.0500000000000003 60.000000000000007 1.0833333333333337 1.0000000180025095e-35 1.5500000000000003 2.1550750527222404 1.716666666666667
decision_type=2 2 2 2 2 2 2 2 2 2 2 2 2 2
left_child=1 2 -1 4 -3 -6 7 8 12 -10 -11 -12 13 -5
right_child=-2 3 -4 6 5 -7 -8 -9 9 10 11 -13 -14 -15
leaf_value=-1.1768950350568963e-05 -0.00095630248348497386 7.0581439658811576e-05 -0.001110512746208697 0.0029968856532327157 0.0027197533762955573 -0.00035920375812265254 0.0054376575068153183 -0.0037659639201592654 0.0039186737242129606 -0.0071595300043768746 -0.0017040202400975806 0.0053413119733981464 0.0080620960160602065 -0.0014608270063763485
leaf_weight=4917 551 1794 627 180 200 121 29 32 37 34 34 23 21 40
leaf_count=4917 551 1794 627 180 200 121 29 32 37 34 34 23 21 40
internal_value=5.68971e-13 6.51406e-05 -0.000136032 0.000503372 0.000296506 0.00155915 0.00152087 0.00123761 0.00167152 -0.000261872 -0.00196165 0.00113883 0.00269838 0.00218639
internal_weight=8640 8089 5544 2545 2115 321 430 401 369 128 91 57 241 220
internal_count=8640 8089 5544 2545 2115 321 430 401 369 128 91 57 241 220
is_linear=0
shrinkage=0.05


Tree=51
num_leaves=15
num_cat=0
split_feature=5 1 4 4 4 1 3 5 3 3 4 0 7 7
split_gain=0.206094 0.373635 0.317296 0.242108 0.333695 0.2328 0.279302 0.428248 0.294049 0.2905 0.231061 0.340191 0.247376 0.488931
threshold=0.35000000000000003 16.079350000000005 2.6500000000000008 5.0500000000000016 3.5500000000000003 22.610250000000004 4.4500000000000011 1.3500000000000003 3.5500000000000003 3.9500000000000006 0.25000000000000006 36.000000000000007 2.3591420185392353 1.0666661580397585
decision_type=2 2 2 2 2 2 2 2 2 2 2 2 2 2
left_child=2 -2 -1 4 5 -3 8 -8 10 -10 -7 -12 13 -13
right_child=1 3 -4 -5 -6 6 7 -9 9 -11 11 12 -14 -15
leaf_value=-0.00011111559273183135 0.005942155905067921 -0.0002454895214014403 -0.0034046573235615588 -0.0036319652792850608 0.0066658687822165946 0.0013611213223157393 -0.006766614809942742 0.001831274719110557 0.009387197860050947 0.0013718829203683597 -0.0019098150839165944 0.0012779491805345136 0.0049220618339912859 -0.0045044143294352438
leaf_weight=6200 30 984 74 38 21 704 30 28 20 26 164 244 34 43
leaf_count=6200 30 984 74 38 21 704 30 28 20 26 164 244 34 43
internal_value=2.24324e-12 0.000397659 -0.000149962 0.000326454 0.000391911 0.000334048 0.000775089 -0.00261591 0.000934342 0.0048568 0.00078259 -5.71748e-05 0.000889345 0.000411602
internal_weight=8640 2366 6274 2336 2298 2277 1293 58 1235 46 1189 485 321 287
internal_count=8640 2366 6274 2336 2298 2277 1293 58 1235 46 1189 485 321 287
is_linear=0
shrinkage=0.05


Tree=52
num_leaves=15
num_cat=0
split_feature=3 4 5 7 1 5 5 8 6 4 3 5 7 3
split_gain=0.190815 0.318495 0.195015 0.192888 0.189422 0.385421 0.176725 0.259033 0.292279 0.288217 0.3769 0.514577 0.590014 0.287013
threshold=0.75000000000000011 0.45000000000000007 5.1500000000000012 1.205539583768686 16.079350000000005 1.0000000180025095e-35 0.45000000000000007 1.0833333333333337 1.9500000000000004 1.0000000180025095e-35 4.4500000000000011 1.9500000000000002 1.371534545407022 5.6000000000000005
decision_type=2 2 2 2 2 2 2 2 2 2 2 2 2 2
left_child=1 -1 3 -3 5 -2 -6 8 -8 10 11 -9 -13 -11
right_child=4 2 -4 -5 6 -7 7 9 -10 13 -12 12 -14 -15
leaf_value=2.0462044112780213e-05 0.0010607310404246127 -0.00083435439688992776 0.0039191990555264055 -0.0032705035637546746 -0.0003013178409752436 0.0083839828869465491 0.0015618535128602094 0.0044969555208808744 0.0075551655566827823 0.00047076171929326518 -0.0077794898088778489 -0.0086548479007823136 0.0012836949841585012 0.0064578020590401828
leaf_weight=6093 98 836 20 90 625 22 270 32 22 428 23 28 32 21
leaf_count=6093 98 836 20 90 625 22 270 32 22 428 23 28 32 21
internal_value=-7.67534e-13 -0.000112062 -0.000965625 -0.00107113 0.000492696 0.00240333 0.000337885 0.000804592 0.0020134 0.000178753 -0.00205464 -0.000623423 -0.00335429 0.000750779
internal_weight=8640 7039 946 926 1601 120 1481 856 292 564 115 92 60 449
internal_count=8640 7039 946 926 1601 120 1481 856 292 564 115 92 60 449
is_linear=0
shrinkage=0.05


Tree=53
num_leaves=15
num_cat=0
split_feature=5 1 4 4 4 7 3 0 1 3 0 8 4 5
split_gain=0.178525 0.319369 0.266492 0.213846 0.302874 0.212877 0.264943 0.212452 0.208477 0.244904 0.225074 0.34566 0.483999 0.302464
threshold=0.35000000000000003 16.079350000000005 2.6500000000000008 5.0500000000000016 3.5500000000000003 1.1925663124871955 1.6500000000000001 60.000000000000007 22.610250000000004 4.7500000000000009 36.000000000000007 0.98333333333333361 0.8500000000000002 1.4500000000000002
decision_type=2 2 2 2 2 2 2 2 2 2 2 2 2 2
left_child=2 -2 5 4 8 6 -1 -7 10 -10 11 13 -13 -3
right_child=1 3 -4 -5 -6 7 -8 -9 9 -11 -12 12 -14 -15
leaf_value=-9.5647516073445386e-05 0.0054961788095533853 0.00044246823939641318 -0.0031223403761868138 -0.0034159369448101837 0.0063429976857843854 0.00027366338188495535 -0.0022589396690179046 0.0043689243840792464 0.00086167899509839794 -0.0028150274428202118 -0.00081087486489210276 0.0090034086671140472 0.0011071489847170703 -0.004816011591784416
leaf_weight=5922 30 232 74 38 21 81 145 52 1246 47 625 27 69 31
leaf_count=5922 30 232 74 38 21 81 145 52 1246 47 625 27 69 31
internal_value=2.00607e-12 0.000370107 -0.000139572 0.000304276 0.000365794 -0.000103971 -0.00014735 0.00187482 0.000310668 0.000728032 -0.000237759 0.000760004 0.00332797 -0.000177353
internal_weight=8640 2366 6274 2336 2298 6200 6067 133 2277 1293 984 359 96 263
internal_count=8640 2366 6274 2336 2298 6200 6067 133 2277 1293 984 359 96 263
is_linear=0
shrinkage=0.05


end of trees

feature_importances:
Column_4=181
Column_3=165
Column_5=122
Column_1=91
Column_8=65
Column_7=62
Column_0=25
Column_2=23
Column_6=22

parameters:
[boosting: gbdt]
[objective: regression]
[metric: l2]
[tree_learner: serial]
[device_type: cpu]
[data_sample_strategy: bagging]
[data: ]
[valid: ]
[num_iterations: 100]
[learning_rate: 0.05]
[num_leaves: 15]
[num_threads: 0]
[seed: 42]
[deterministic: 0]
[force_col_wise: 0]
[force_row_wise: 0]
[histogram_pool_size: -1]
[max_depth: -1]
[min_data_in_leaf: 20]
[min_sum_hessian_in_leaf: 0.001]
[bagging_fraction: 1]
[pos_bagging_fraction: 1]
[neg_bagging_fraction: 1]
[bagging_freq: 0]
[bagging_seed: 400]
[bagging_by_query: 0]
[feature_fraction: 1]
[feature_fraction_bynode: 1]
[feature_fraction_seed: 30056]
[extra_trees: 0]
[extra_seed: 12879]
[early_stopping_round: 0]
[early_stopping_min_delta: 0]
[first_metric_only: 0]
[max_delta_step: 0]
[lambda_l1: 0]
[lambda_l2: 0]
[linear_lambda: 0]
[min_gain_to_split: 0]
[drop_rate: 0.1]
[max_drop: 50]
[skip_drop: 0.5]
[xgboost_dart_mode: 0]
[uniform_drop: 0]
[drop_seed: 17869]
[top_rate: 0.2]
[other_rate: 0.1]
[min_data_per_group: 100]
[max_cat_threshold: 32]
[cat_l2: 10]
[cat_smooth: 10]
[max_cat_to_onehot: 4]
[top_k: 20]
[monotone_constraints: ]
[monotone_constraints_method: basic]
[monotone_penalty: 0]
[feature_contri: ]
[forcedsplits_filename: ]
[refit_decay_rate: 0.9]
[cegb_tradeoff: 1]
[cegb_penalty_split: 0]
[cegb_penalty_feature_lazy: ]
[cegb_penalty_feature_coupled: ]
[path_smooth: 0]
[interaction_constraints: ]
[verbosity: -1]
[saved_feature_importance_type: 0]
[use_quantized_grad: 0]
[num_grad_quant_bins: 4]
[quant_train_renew_leaf: 0]
[stochastic_rounding: 1]
[linear_tree: 0]
[max_bin: 255]
[max_bin_by_feature: ]
[min_data_in_bin: 3]
[bin_construct_sample_cnt: 200000]
[data_random_seed: 175]
[is_enable_sparse: 1]
[enable_bundle: 1]
[use_missing: 1]
[zero_as_missing: 0]
[feature_pre_filter: 1]
[pre_partition: 0]
[two_round: 0]
[header: 0]
[label_column: ]
[weight_column: ]
[group_column: ]
[ignore_column: ]
[categorical_feature: ]
[forcedbins_filename: ]
[precise_float_parser: 0]
[parser_config_file: ]
[objective_seed: 16083]
[num_class: 1]
[is_unbalance: 0]
[scale_pos_weight: 1]
[sigmoid: 1]
[boost_from_average: 1]
[reg_sqrt: 0]
[alpha: 0.9]
[fair_c: 1]
[poisson_max_delta_step: 0.7]
[tweedie_variance_power: 1.5]
[lambdarank_truncation_level: 30]
[lambdarank_norm: 1]
[label_gain: ]
[lambdarank_position_bias_regularization: 0]
[eval_at: ]
[multi_error_top_k: 1]
[auc_mu_weights: ]
[num_machines: 1]
[local_listen_port: 12400]
[time_out: 120]
[machine_list_filename: ]
[machines: ]
[gpu_platform_id: -1]
[gpu_device_id: -1]
[gpu_device_id_list: ]
[gpu_use_dp: 0]
[num_gpu: 1]

end of parameters

pandas_categorical:null
