tree
version=v4
num_class=1
num_tree_per_iteration=1
label_index=0
max_feature_idx=8
objective=regression
feature_names=Column_0 Column_1 Column_2 Column_3 Column_4 Column_5 Column_6 Column_7 Column_8
feature_infos=[24:72] [13.082700000000001:34.1526] [72.877700000000004:91.736199999999997] [0:11.5] [0:55.399999999999999] [0:45.299999999999997] [0:55.199999999999996] [0:25.904482666562213] [0:18.766666666666669]
tree_sizes=1406 1469 1479 1469 1493 1485 1489 1476 1484 1466 1472 1485 1468 1482 1471 1491 1486 1455 1463 1462 1467 1477 1461 1466 1492 1477 1484 1489 1476 1482 1479 1496 1502 1480 1472 1482 1476 1491 1491 1474 1477 1478 1482 1485 1501 1462 1471 1488 1480 1484 1475 1482 1488

Tree=0
num_leaves=15
num_cat=0
split_feature=5 7 5 5 3 1 8 4 5 3 8 5 7 4
split_gain=23.345 11.8671 3.17958 2.35839 2.2233 1.86302 1.49134 1.27677 1.46877 1.42675 1.18865 0.954265 0.899436 0.831102
threshold=0.8500000000000002 0.39431471460641337 3.7500000000000004 0.35000000000000003 1.0000000180025095e-35 27.379200000000004 0.98333333333333361 0.45000000000000007 0.35000000000000003 0.15000000000000005 1.4166666666666672 1.5500000000000003 1.6509253576085636 0.65000000000000002
decision_type=2 2 2 2 2 2 2 2 2 2 2 2 2 2
left_child=1 7 4 5 -2 13 -7 8 -1 -10 11 -6 -8 -3
right_child=2 3 -4 -5 10 6 12 -9 9 -11 -12 -13 -14 -15
leaf_value=0.33135919559871602 0.31950513231414907 0.33507591357499206 0.31848651994132049 0.33336013685380683 0.32689962080882601 0.33897151173133977 0.35446203842097546 0.33390429141016259 0.32482622333628425 0.33048846420842004 0.32942350832657291 0.32314995922920675 0.34331063445681609 0.33871523147135629
leaf_weight=5245 122 287 166 340 492 101 33 442 172 315 280 259 40 346
leaf_count=5245 122 287 166 340 492 101 33 442 172 315 280 259 40 346
internal_value=0.331079 0.332183 0.324956 0.336853 0.325888 0.338325 0.342907 0.331315 0.331115 0.328489 0.326643 0.325606 0.348352 0.337065
internal_weight=8640 7321 1319 1147 1153 807 174 6174 5732 487 1031 751 73 633
internal_count=8640 7321 1319 1147 1153 807 174 6174 5732 487 1031 751 73 633
is_linear=0
shrinkage=1


Tree=1
num_leaves=15
num_cat=0
split_feature=5 7 5 5 3 1 8 4 5 3 3 4 3 7
split_gain=21.0688 10.71 2.87217 2.12845 1.98446 1.68137 1.36657 1.15229 1.32557 1.3078 1.06064 0.802193 1.9405 0.799696
threshold=0.8500000000000002 0.39431471460641337 3.9500000000000006 0.35000000000000003 1.0000000180025095e-35 27.379200000000004 0.75000000000000011 0.45000000000000007 0.35000000000000003 1.0000000180025095e-35 2.0500000000000003 0.45000000000000007 0.55000000000000016 0.51422346211470682
decision_type=2 2 2 2 2 2 2 2 2 2 2 2 2 2
left_child=1 7 4 5 -2 -3 -7 8 -1 -10 13 -8 -13 -6
right_child=2 3 -4 -5 10 6 11 -9 9 -11 -12 12 -14 -15
leaf_value=0.00026574411010469538 -0.010995615856935745 0.0056864268603288876 -0.012187556210809794 0.0021666383648912681 -0.0033691314661141061 0.0063201761540347861 0.0077306033918060936 0.0026835850786446169 -0.0076567128377476928 -0.0011690653307745472 -0.00096224022563546902 0.0092007317738148926 0.025877742147123489 -0.0064577533601871615
leaf_weight=5245 122 633 156 340 390 78 26 442 97 390 198 33 37 453
leaf_count=5245 122 633 156 340 390 78 26 442 97 390 198 33 37 453
internal_value=1.25893e-11 0.00104802 -0.00581696 0.00548495 -0.00496244 0.006883 0.011236 0.000223734 3.40529e-05 -0.00246127 -0.00425538 0.0152302 0.0180157 -0.00502885
internal_weight=8640 7321 1319 1147 1163 807 174 6174 5732 487 1041 96 70 843
internal_count=8640 7321 1319 1147 1163 807 174 6174 5732 487 1041 96 70 843
is_linear=0
shrinkage=0.05


Tree=2
num_leaves=15
num_cat=0
split_feature=5 7 5 5 3 1 8 4 5 3 8 5 4 3
split_gain=19.0146 9.66582 2.60103 1.92092 1.81204 1.51744 1.23333 1.03994 1.19632 1.20155 1.01573 0.812328 0.75007 1.09543
threshold=0.8500000000000002 0.39431471460641337 3.7500000000000004 0.35000000000000003 1.0000000180025095e-35 27.379200000000004 0.75000000000000011 0.45000000000000007 0.35000000000000003 0.15000000000000005 1.4166666666666672 1.5500000000000003 0.65000000000000002 1.2500000000000002
decision_type=2 2 2 2 2 2 2 2 2 2 2 2 2 2
left_child=1 7 4 5 -2 12 -7 8 -1 -10 11 -6 -3 -14
right_child=2 3 -4 -5 10 6 -8 -9 9 -11 -12 -13 13 -15
leaf_value=0.00025245689059735533 -0.010445835140150149 0.0035123046623860921 -0.011377799506467509 0.0020583064721808224 -0.0037669349483799236 0.006004167391130558 0.014468661022025722 0.002549405897577974 -0.0056991898424945085 -0.00050299748246158873 -0.0014315609619578546 -0.0072265131057430657 0.0051253508817676787 0.011261215369002178
leaf_weight=5245 122 287 166 340 492 78 96 442 172 315 280 259 242 104
leaf_count=5245 122 287 166 340 492 78 96 442 172 315 280 259 242 104
internal_value=-1.85705e-11 0.000995621 -0.00552611 0.0052107 -0.00468363 0.00653885 0.0106742 0.000212548 3.23502e-05 -0.0023382 -0.00400178 -0.00496005 0.00540211 0.00696966
internal_weight=8640 7321 1319 1147 1153 807 174 6174 5732 487 1031 751 633 346
internal_count=8640 7321 1319 1147 1153 807 174 6174 5732 487 1031 751 633 346
is_linear=0
shrinkage=0.05


Tree=3
num_leaves=15
num_cat=0
split_feature=5 7 5 5 3 1 8 8 4 5 3 7 8 4
split_gain=17.1607 8.7234 2.34756 1.73363 1.61715 1.36949 1.12842 0.980175 0.938544 1.07968 1.10129 0.75803 0.701037 1.10397
threshold=0.8500000000000002 0.39431471460641337 3.9500000000000006 0.35000000000000003 1.0000000180025095e-35 27.379200000000004 0.98333333333333361 2.6833333333333336 0.45000000000000007 0.35000000000000003 1.0000000180025095e-35 1.6162288320406588 1.2500000000000002 2.5500000000000003
decision_type=2 2 2 2 2 2 2 2 2 2 2 2 2 2
left_child=1 8 4 5 -2 -3 -7 -6 9 -1 -11 -8 -5 -14
right_child=2 3 -4 12 7 6 11 -9 -10 10 -12 -13 13 -15
leaf_value=0.0002398340582249538 -0.0099235434150017933 0.005132000262394406 -0.011009288432363136 0.00048985889775697924 -0.0041799637174467687 0.0067173212430080278 0.020976666761562231 0.0030642846675247564 0.0024219354597100466 -0.0069889176387301424 -0.0010354988362478953 0.010620958539982175 0.0089939856982749443 -0.0023651030275129506
leaf_weight=5245 122 633 156 240 992 101 30 49 442 97 390 43 69 31
leaf_count=5245 122 633 156 240 992 101 30 49 442 97 390 43 69 31
internal_value=-1.51549e-12 0.00094584 -0.00524981 0.00495017 -0.00447725 0.0062119 0.0101405 -0.00383898 0.00020192 3.07327e-05 -0.00222129 0.0148767 0.00195539 0.00547267
internal_weight=8640 7321 1319 1147 1163 807 174 1041 6174 5732 487 73 340 100
internal_count=8640 7321 1319 1147 1163 807 174 1041 6174 5732 487 73 340 100
is_linear=0
shrinkage=0.05


Tree=4
num_leaves=15
num_cat=0
split_feature=5 4 3 1 5 3 3 5 5 5 5 8 3 2
split_gain=15.4875 8.03312 2.92808 3.42398 2.1323 1.53443 1.47731 1.22709 1.04614 0.988836 0.955089 0.884436 0.824925 0.734981
threshold=0.8500000000000002 0.65000000000000002 1.1500000000000001 27.379200000000004 3.7500000000000004 0.55000000000000016 1.0000000180025095e-35 0.35000000000000003 0.55000000000000016 0.25000000000000006 1.0000000180025095e-35 1.4166666666666672 1.0000000180025095e-35 86.003450000000015
decision_type=2 2 2 2 2 2 2 2 2 2 2 2 2 2
left_child=1 5 8 10 6 7 -2 -1 -3 13 -4 -8 -9 -7
right_child=4 2 3 -5 -6 9 11 12 -10 -11 -12 -13 -14 -15
leaf_value=0.00017574465138991792 -0.0094273661996131068 0.0044076053565051754 0.014728178270161152 0.023228660207241777 -0.010285561360946173 0.0054440444772527056 -0.0045030509176745897 -0.0066265441938303422 -0.00078843568574087943 0.00033068039658327634 0.0058026628464710114 -0.0012104910942019032 -0.0013892329622232186 0.0013220763798736663
leaf_weight=5169 122 563 36 40 166 278 751 100 117 359 179 280 303 177
leaf_count=5169 122 563 36 40 166 278 751 100 117 359 179 280 303 177
internal_value=-5.71995e-12 0.000898548 0.00522703 0.00979623 -0.00498732 0.000264798 -0.00422452 -3.14372e-05 0.00351358 0.00229259 0.00729717 -0.00360885 -0.00268881 0.00384055
internal_weight=8640 7321 935 255 1319 6386 1153 5572 680 814 215 1031 403 455
internal_count=8640 7321 935 255 1319 6386 1153 5572 680 814 215 1031 403 455
is_linear=0
shrinkage=0.05


Tree=5
num_leaves=15
num_cat=0
split_feature=5 4 3 1 5 3 3 5 5 5 8 5 3 2
split_gain=13.9775 7.24989 2.64259 3.09014 1.92642 1.38483 1.30957 1.10745 0.95522 0.892425 0.863843 0.861968 0.744495 0.66332
threshold=0.8500000000000002 0.65000000000000002 1.1500000000000001 27.379200000000004 4.0500000000000007 0.55000000000000016 1.0000000180025095e-35 0.35000000000000003 0.35000000000000003 0.25000000000000006 2.6833333333333336 1.0000000180025095e-35 1.0000000180025095e-35 86.003450000000015
decision_type=2 2 2 2 2 2 2 2 2 2 2 2 2 2
left_child=1 5 8 11 6 7 -2 -1 -3 13 -8 -4 -9 -7
right_child=4 2 3 -5 -6 9 10 12 -10 -11 -12 -13 -14 -15
leaf_value=0.00016695742427878376 -0.008955997836081404 0.0047577802132797884 0.013991770355237854 0.022067227400839329 -0.010072339759499302 0.0051718422321421799 -0.0038004447069244331 -0.0062952168805059053 0.00086456481335664003 0.00031414632850863605 0.002999375631310502 0.0055125299414526159 -0.0013197713068581922 0.0012559726558961791
leaf_weight=5169 122 432 36 40 150 278 998 100 248 359 49 179 303 177
leaf_count=5169 122 432 36 40 150 278 998 100 248 359 49 179 303 177
internal_value=7.79172e-12 0.000853621 0.00496568 0.00930641 -0.00473795 0.000251558 -0.00405347 -2.98653e-05 0.0033379 0.00217796 -0.00348221 0.00693231 -0.00255437 0.00364853
internal_weight=8640 7321 935 255 1319 6386 1169 5572 680 814 1047 215 403 455
internal_count=8640 7321 935 255 1319 6386 1169 5572 680 814 1047 215 403 455
is_linear=0
shrinkage=0.05


Tree=6
num_leaves=15
num_cat=0
split_feature=5 4 3 1 5 3 3 5 5 5 5 8 5 2
split_gain=12.6147 6.54303 2.38494 2.78885 1.75229 1.24981 1.20486 0.999471 0.887869 0.805413 0.777926 0.769951 0.733126 0.747
threshold=0.8500000000000002 0.65000000000000002 1.1500000000000001 27.379200000000004 3.7500000000000004 0.55000000000000016 1.0000000180025095e-35 0.35000000000000003 0.55000000000000016 0.25000000000000006 1.0000000180025095e-35 1.4166666666666672 1.5500000000000003 75.043350000000018
decision_type=2 2 2 2 2 2 2 2 2 2 2 2 2 2
left_child=1 5 8 10 6 7 -2 -1 -3 -7 -4 12 13 -8
right_child=4 2 3 -5 -6 9 11 -9 -10 -11 -12 -13 -14 -15
leaf_value=0.00015860953582009658 -0.0085081980323235759 0.0039946301070002254 0.013292181698812378 0.020963866179808974 -0.0093040367296661243 0.0034660996974108151 -0.0011215379739080295 -0.0024266545701813573 -0.00079224215005524457 0.0002984390143482767 0.0052369034745048879 -0.0010158000159676054 -0.0062410143560021544 -0.0050253283213803875
leaf_weight=5169 122 563 36 40 166 455 261 403 117 359 179 280 259 231
leaf_count=5169 122 563 36 40 166 455 261 403 117 359 179 280 259 231
internal_value=-4.26595e-12 0.00081094 0.00471739 0.00884109 -0.00450105 0.00023898 -0.00380956 -2.83721e-05 0.00317101 0.00206906 0.00658569 -0.00325356 -0.00408788 -0.00295442
internal_weight=8640 7321 935 255 1319 6386 1153 5572 680 814 215 1031 751 492
internal_count=8640 7321 935 255 1319 6386 1153 5572 680 814 215 1031 751 492
is_linear=0
shrinkage=0.05


Tree=7
num_leaves=15
num_cat=0
split_feature=5 6 2 1 8 5 3 5 7 3 3 4 3 5
split_gain=11.4349 7.19597 2.27057 1.44444 1.0495 1.04525 1.02269 0.846456 0.735506 0.670405 0.597915 0.588844 0.620819 0.608684
threshold=0.65000000000000002 0.65000000000000024 75.043350000000018 27.379200000000004 1.1500000000000004 6.7500000000000009 2.9500000000000006 1.5500000000000003 1.6509253576085636 1.8500000000000003 1.0000000180025095e-35 0.65000000000000002 1.1500000000000001 1.0000000180025095e-35
decision_type=2 2 2 2 2 2 2 2 2 2 2 2 2 2
left_child=1 -1 7 11 -5 6 10 9 -6 -2 -4 -3 -13 -14
right_child=2 3 5 4 8 -7 -8 -9 -10 -11 -12 12 13 -15
leaf_value=9.1252073009545458e-05 -0.00065882269775977844 0.0021018940680258232 -0.0080879866400074153 0.0053916296775634656 0.018381639251545553 -0.010757831379007071 -0.00035886931288828201 -0.0044882479083824759 0.0084600645850630516 0.0076237071412973674 -0.0046993851716423014 0.0033325657596203831 0.012627572669751114 0.0054190979090038768
leaf_weight=5666 405 498 161 169 31 78 117 153 47 26 680 416 36 157
leaf_count=5666 405 498 161 169 31 78 117 153 47 26 680 416 36 157
internal_value=5.01734e-12 0.000873811 -0.00378652 0.00414854 0.00760583 -0.00519194 -0.00473876 -0.00129334 0.0124033 -0.000159181 -0.00534809 0.00337713 0.00441993 0.00676368
internal_weight=8640 7020 1620 1354 247 1036 958 584 78 431 841 1107 609 193
internal_count=8640 7020 1620 1354 247 1036 958 584 78 431 841 1107 609 193
is_linear=0
shrinkage=0.05


Tree=8
num_leaves=15
num_cat=0
split_feature=5 4 3 1 5 8 2 3 5 5 5 3 3 5
split_gain=10.3379 5.41032 1.98777 2.40036 1.46622 1.03742 1.02535 1.01961 0.861313 0.747771 0.695741 0.663062 0.641963 1.23537
threshold=0.8500000000000002 0.65000000000000002 1.1500000000000001 27.379200000000004 3.7500000000000004 1.4166666666666672 75.043350000000018 0.55000000000000016 0.35000000000000003 0.35000000000000003 0.25000000000000006 0.15000000000000005 0.25000000000000006 1.5500000000000003
decision_type=2 2 2 2 2 2 2 2 2 2 2 2 2 2
left_child=1 7 9 -4 5 6 12 8 -1 -3 -9 -10 -2 -14
right_child=4 2 3 -5 -6 -7 -8 10 11 -11 -12 -13 13 -15
leaf_value=0.00014611646095139517 0.0027632045055118702 0.0041308851626901608 0.0059586700878300992 0.019297844860702754 -0.0084681250554711433 -0.00083081435230625733 -0.0057524405345660539 0.0031654316575297128 -0.0044887060614220882 0.00068626628429140719 0.00022132747163598456 -0.00041333052031569423 -0.0011957338168022936 -0.008314628729186509
leaf_weight=5169 54 432 215 40 166 286 507 455 182 248 359 221 222 84
leaf_count=5169 54 432 215 40 166 286 507 455 182 248 359 221 222 84
internal_value=5.55971e-13 0.000734118 0.00428638 0.00805109 -0.00407466 -0.00344212 -0.00430352 0.000214017 -2.74613e-05 0.00287461 0.00186699 -0.00225382 -0.00226297 -0.00314994
internal_weight=8640 7321 935 255 1319 1153 867 6386 5572 680 814 403 360 306
internal_count=8640 7321 935 255 1319 1153 867 6386 5572 680 814 403 360 306
is_linear=0
shrinkage=0.05


Tree=9
num_leaves=15
num_cat=0
split_feature=5 6 2 1 3 8 5 4 5 3 4 3 4 3
split_gain=9.38776 5.90419 1.90134 1.23484 0.911822 0.876828 0.773812 0.726025 0.769652 0.624479 0.623633 1.13044 0.48238 0.530898
threshold=0.65000000000000002 0.65000000000000024 75.043350000000018 27.379200000000004 4.9500000000000011 1.1500000000000004 7.8000000000000016 2.0500000000000003 1.5500000000000003 1.0000000180025095e-35 0.65000000000000002 0.45000000000000007 0.65000000000000002 0.55000000000000016
decision_type=2 2 2 2 2 2 2 2 2 2 2 2 2 2
left_child=1 -1 7 12 6 -5 9 8 -2 -4 -7 -12 -3 -14
right_child=2 3 4 5 -6 10 -8 -9 -10 -11 11 -13 13 -15
leaf_value=8.289408039187623e-05 -0.00040848802971894929 0.001890552099945513 -0.0074473510915988392 0.0049307584421076824 0.0034608768299221994 0.0039739630007672878 -0.010305637191049755 0.0073664463202779487 -0.0046213537867998283 -0.0040346845053211263 0.0044760693813441317 0.019230283373916471 0.0025291966885939098 0.0054819396286292016
leaf_weight=5666 413 498 162 169 33 21 64 24 147 777 20 37 308 301
leaf_count=5666 413 498 162 169 33 21 64 24 147 777 20 37 308 301
internal_value=6.043e-12 0.000791741 -0.00343088 0.00375801 -0.00471696 0.00695463 -0.00498602 -0.0011494 -0.00151437 -0.00462345 0.0113397 0.0140534 0.00304476 0.0039886
internal_weight=8640 7020 1620 1354 1036 247 1003 584 560 939 78 57 1107 609
internal_count=8640 7020 1620 1354 1036 247 1003 584 560 939 78 57 1107 609
is_linear=0
shrinkage=0.05


Tree=10
num_leaves=15
num_cat=0
split_feature=5 6 2 1 3 4 3 3 5 5 3 7 4 1
split_gain=8.47246 5.32853 1.71596 1.11444 0.822919 0.816374 1.28459 0.705713 0.698365 0.672908 0.563593 0.495796 0.435348 0.506688
threshold=0.65000000000000002 0.65000000000000024 75.043350000000018 27.379200000000004 4.9500000000000011 0.15000000000000005 0.25000000000000006 1.8500000000000003 7.8000000000000016 1.5500000000000003 1.0000000180025095e-35 0.49777156621411855 0.65000000000000002 22.610250000000004
decision_type=2 2 2 2 2 2 2 2 2 2 2 2 2 2
left_child=1 -1 7 12 8 -5 -7 9 10 -2 -4 -8 13 -3
right_child=2 3 4 5 -6 6 11 -9 -10 -11 -12 -13 -14 -15
leaf_value=7.8749368191819008e-05 -0.00060449909102631581 0.0032794853454379 -0.0070749834664223469 0.0028757882231097345 0.0032878331444931757 0.0033209005339322468 0.0056238767958711839 0.004716239943809342 -0.0097903553396463394 -0.0047270589301056931 -0.0038329502932963767 0.014522733616953096 0.0037891684825512926 8.1375018102988739e-05
leaf_weight=5666 405 267 162 92 33 63 20 48 64 131 777 72 609 231
leaf_count=5666 405 267 162 92 33 63 20 48 64 131 777 72 609 231
internal_value=7.77045e-12 0.000752154 -0.00325933 0.00357011 -0.00448111 0.0066069 0.00882149 -0.00109193 -0.00473672 -0.00161207 -0.00439228 0.0125882 0.00289252 0.00179602
internal_weight=8640 7020 1620 1354 1036 247 155 584 1003 536 939 92 1107 498
internal_count=8640 7020 1620 1354 1036 247 155 584 1003 536 939 92 1107 498
is_linear=0
shrinkage=0.05


Tree=11
num_leaves=15
num_cat=0
split_feature=5 4 3 1 5 8 3 5 2 5 5 3 5 5
split_gain=7.69112 4.07454 1.59268 1.83119 1.15703 0.887088 0.802168 1.03131 0.758387 0.645054 0.617792 0.582015 0.979258 0.575908
threshold=0.8500000000000002 0.65000000000000002 1.1500000000000001 27.379200000000004 3.7500000000000004 1.4166666666666672 0.25000000000000006 0.35000000000000003 75.043350000000018 0.25000000000000006 1.0000000180025095e-35 0.25000000000000006 1.5500000000000003 0.35000000000000003
decision_type=2 2 2 2 2 2 2 2 2 2 2 2 2 2
left_child=1 6 13 10 5 8 7 -1 11 -8 -4 -2 -13 -3
right_child=4 2 3 -5 -6 -7 9 -9 -10 -11 -12 12 -14 -15
leaf_value=5.3746722700743559e-05 0.0027914636561440099 0.003554712809084406 0.011234704640487002 0.016909046135842803 -0.0074173955074287052 -0.00053794809195401884 0.0022339050613294285 -0.0033045622826709102 -0.004995308025256516 1.1812558797828388e-05 0.0040562203591013096 -0.0010989396360929352 -0.0074370977169434943 0.00053174652745045965
leaf_weight=4815 54 432 36 40 166 286 756 240 507 575 179 222 84 248
leaf_count=4815 54 432 36 40 166 286 756 240 507 575 179 222 84 248
internal_value=-5.6252e-12 0.000633206 0.00371592 0.00708578 -0.00351456 -0.00295266 0.000181854 -0.000105698 -0.00374921 0.00127395 0.0052582 -0.00199428 -0.00283883 0.00245222
internal_weight=8640 7321 935 255 1319 1153 6386 5055 867 1331 215 360 306 680
internal_count=8640 7321 935 255 1319 1153 6386 5055 867 1331 215 360 306 680
is_linear=0
shrinkage=0.05


Tree=12
num_leaves=15
num_cat=0
split_feature=5 6 2 8 1 3 4 7 5 2 5 3 5 7
split_gain=6.94547 4.39623 1.44107 0.991997 0.712969 0.710354 0.648297 0.592832 0.58492 0.577579 0.536059 0.49612 0.857234 0.535505
threshold=0.65000000000000002 0.65000000000000024 75.043350000000018 1.1500000000000004 27.379200000000004 4.9500000000000011 1.4500000000000002 1.1185237245927746 6.7500000000000009 78.923900000000017 0.35000000000000003 0.25000000000000006 1.5500000000000003 0.52808988664221435
decision_type=2 2 2 2 2 2 2 2 2 2 2 2 2 2
left_child=1 -1 6 10 7 8 11 9 -4 -5 -3 13 -13 -2
right_child=2 3 5 4 -6 -7 -8 -9 -10 -11 -12 12 -14 -15
leaf_value=6.9345017181108391e-05 -0.0012907706068030426 0.0031499276591180495 -0.0039599880185746386 0.0032472835478162573 0.009898637039348103 0.0031473805055473795 0.0036628132560915915 0.0026045802156563456 -0.0084954102801812169 0.012557957207577098 0.00050016393533587687 -0.00084498478690735429 -0.0057750511937582297 0.0075432252874728378
leaf_weight=5666 42 807 926 31 78 33 67 152 77 36 250 325 121 29
leaf_count=5666 42 807 926 31 78 33 67 152 77 36 250 325 121 29
internal_value=8.00033e-12 0.000681009 -0.00295104 0.0032406 0.00579374 -0.00407069 -0.000964814 0.00433173 -0.00430817 0.00825003 0.00252321 -0.00156453 -0.00218251 0.00231748
internal_weight=8640 7020 1620 1354 297 1036 584 219 1003 67 1057 517 446 71
internal_count=8640 7020 1620 1354 297 1036 584 219 1003 67 1057 517 446 71
is_linear=0
shrinkage=0.05


Tree=13
num_leaves=15
num_cat=0
split_feature=5 4 3 1 5 8 3 5 2 5 5 3 5 7
split_gain=6.30062 3.40619 1.3643 1.59431 0.966049 0.798654 0.666229 0.903171 0.617444 0.543019 0.540126 0.476658 0.741462 0.483912
threshold=0.8500000000000002 0.65000000000000002 1.1500000000000001 27.379200000000004 3.7500000000000004 1.3833333333333335 0.25000000000000006 0.35000000000000003 75.043350000000018 1.0000000180025095e-35 0.15000000000000005 0.25000000000000006 1.5500000000000003 0.60733743993530054
decision_type=2 2 2 2 2 2 2 2 2 2 2 2 2 2
left_child=1 6 -3 9 5 8 7 -1 11 -4 -8 13 -13 -2
right_child=4 2 3 -5 -6 -7 10 -9 -10 -11 -12 12 -14 -15
leaf_value=4.7592141416246851e-05 -0.0016033474355936052 0.0022220835171131458 0.010408476878526723 0.015676520671695473 -0.0067472444768680861 -0.00044863529655655537 0.0022424979685574799 -0.0030951726766458403 -0.0045810386748706368 0.0036784175983708167 0.00022221335172347529 -0.0011047496985849164 -0.0066822547851720969 0.0079687082340292956
leaf_weight=4815 31 680 36 40 166 300 615 240 499 179 716 218 82 23
leaf_count=4815 31 680 36 40 166 300 615 240 499 179 716 218 82 23
internal_value=-1.55355e-12 0.000573115 0.00339168 0.0065106 -0.00318103 -0.00266759 0.000160438 -0.000101619 -0.003448 0.00480531 0.0011557 -0.00185086 -0.00262927 0.00247364
internal_weight=8640 7321 935 255 1319 1153 6386 5055 853 215 1331 354 300 54
internal_count=8640 7321 935 255 1319 1153 6386 5055 853 215 1331 354 300 54
is_linear=0
shrinkage=0.05


Tree=14
num_leaves=15
num_cat=0
split_feature=5 6 2 8 3 7 3 3 5 6 6 3 7 1
split_gain=5.72959 3.82352 1.29004 0.877772 0.691511 0.681656 0.609019 0.575814 0.753405 0.560762 0.535635 0.551399 0.533551 0.489572
threshold=0.55000000000000016 0.54999999999999993 75.043350000000018 1.1500000000000004 4.9500000000000011 1.1318616833313391 0.65000000000000002 0.25000000000000006 1.7500000000000002 2.350000000000001 7.9500000000000011 1.0000000180025095e-35 0.52808988664221435 27.379200000000004
decision_type=2 2 2 2 2 2 2 2 2 2 2 2 2 2
left_child=1 -1 6 -3 10 9 7 12 -9 -5 11 -4 -2 -7
right_child=2 3 4 5 -6 13 -8 8 -10 -11 -12 -13 -14 -15
leaf_value=6.6314686841826824e-05 -0.001935044020259132 0.0023862390623146192 -0.0059266974078740348 0.0065364627421579573 0.0034805031712440886 0.0024720447425790799 0.00085447031886295749 -0.0019801686366699264 -0.0085143294806281737 0.016037739285578331 -0.0080241840811905215 -0.002922942889132816 0.006117363501754073 0.0077737230097963701
leaf_weight=5441 48 1114 187 44 34 141 309 241 54 24 69 835 36 63
leaf_count=5441 48 1114 187 44 34 141 309 241 54 24 69 835 36 63
internal_value=4.063e-12 0.000663527 -0.00249857 0.003008 -0.00354158 0.00555446 -0.000793053 -0.00213628 -0.00317625 0.00988985 -0.00376042 -0.00347255 0.00151599 0.00410933
internal_weight=8640 6827 1813 1386 1125 272 688 379 295 68 1091 1022 84 204
internal_count=8640 6827 1813 1386 1125 272 688 379 295 68 1091 1022 84 204
is_linear=0
shrinkage=0.05


Tree=15
num_leaves=15
num_cat=0
split_feature=5 4 3 1 5 6 2 3 5 5 5 5 2 7
split_gain=5.18905 2.85272 1.16414 1.3938 0.810804 0.707042 0.640709 0.549726 0.762083 0.476703 0.464138 0.42827 0.418144 0.401867
threshold=0.8500000000000002 0.65000000000000002 1.1500000000000001 27.379200000000004 3.7500000000000004 3.0500000000000003 75.043350000000018 0.25000000000000006 0.35000000000000003 1.0000000180025095e-35 0.25000000000000006 0.35000000000000003 86.003450000000015 0.27265482080417314
decision_type=2 2 2 2 2 2 2 2 2 2 2 2 2 2
left_child=1 7 11 9 5 6 -2 8 -1 -4 12 -3 -9 -8
right_child=4 2 3 -5 -6 -7 13 10 -10 -11 -12 -13 -14 -15
leaf_value=4.1463170194768576e-05 -0.0013310335842188785 0.0029698724267762846 0.0096360175249477226 0.014550759252160789 -0.0061539494203184794 0.00083529868183899927 0.0025733711539625958 0.0026481061567179059 -0.0028454113019203459 0.0033302888521331482 -2.4100067577345056e-05 0.00036302596213757962 0.00010449499227395123 -0.0041644774864996893
leaf_weight=4815 399 432 36 40 166 146 23 522 240 179 575 248 234 585
leaf_count=4815 399 432 36 40 166 146 23 522 240 179 575 248 234 585
internal_value=-1.99794e-13 0.000520109 0.00309953 0.00598058 -0.00288682 -0.00241644 -0.0028879 0.000142445 -9.55991e-05 0.00438613 0.00104651 0.00201914 0.0018608 -0.00390959
internal_weight=8640 7321 935 255 1319 1153 1007 6386 5055 215 1331 680 756 608
internal_count=8640 7321 935 255 1319 1153 1007 6386 5055 215 1331 680 756 608
is_linear=0
shrinkage=0.05


Tree=16
num_leaves=15
num_cat=0
split_feature=5 6 2 1 3 4 3 3 3 5 7 6 3 7
split_gain=4.71473 3.17207 1.06928 0.775161 0.589848 0.564009 0.916613 0.535092 0.526764 0.674397 0.475942 0.455485 0.486263 0.341986
threshold=0.55000000000000016 0.54999999999999993 75.043350000000018 27.379200000000004 4.9500000000000011 0.15000000000000005 0.25000000000000006 0.65000000000000002 0.25000000000000006 1.5500000000000003 0.52808988664221435 7.9500000000000011 1.0000000180025095e-35 0.49102935861554126
decision_type=2 2 2 2 2 2 2 2 2 2 2 2 2 2
left_child=1 -1 7 -3 11 -5 -7 8 10 -10 -2 12 -4 -14
right_child=2 3 4 5 -6 6 -8 -9 9 -11 -12 -13 13 -15
leaf_value=5.7939433452650876e-05 -0.0017389874750127394 0.0021853248396522559 -0.0054573867711572247 0.0021919872004179516 0.0032693039297181019 0.0026522887456160264 0.010428389660972225 0.00083052676048997833 -0.0016091185858932385 -0.0071748217774762054 0.0058662828627145955 -0.0073500456669759288 -0.0011847844994145075 -0.0033418742578776614
leaf_weight=5441 48 1138 187 93 34 66 89 309 223 72 36 69 273 562
leaf_count=5441 48 1138 187 93 34 66 89 309 223 72 36 69 273 562
internal_value=-3.77922e-12 0.000601901 -0.00226651 0.00273732 -0.0032161 0.00527029 0.00711728 -0.000713769 -0.00197284 -0.00296753 0.00152041 -0.00341821 -0.00315275 -0.00263662
internal_weight=8640 6827 1813 1386 1125 248 155 688 379 295 84 1091 1022 835
internal_count=8640 6827 1813 1386 1125 248 155 688 379 295 84 1091 1022 835
is_linear=0
shrinkage=0.05


Tree=17
num_leaves=15
num_cat=0
split_feature=5 8 5 4 8 3 4 3 3 5 7 4 8 1
split_gain=4.29883 2.59482 1.26794 1.5921 0.593717 0.585573 0.545126 0.515159 0.510008 0.472998 0.708025 0.511722 0.492041 0.312501
threshold=1.1500000000000001 1.1500000000000004 0.55000000000000016 0.25000000000000006 4.2833333333333341 0.15000000000000005 0.8500000000000002 4.4500000000000011 2.0500000000000003 0.15000000000000005 1.633331597940691 2.6500000000000008 1.6166666666666669 22.610250000000004
decision_type=2 2 2 2 2 2 2 2 2 2 2 2 2 2
left_child=1 2 3 -1 8 -4 -3 9 -2 10 -8 12 -11 -13
right_child=4 6 5 -5 -6 -7 7 -9 -10 11 -12 13 -14 -15
leaf_value=6.5305170499816792e-05 -0.0034313344541398714 0.001772501676600298 -0.0043198679925710763 0.0022496651339613551 -0.0079347813166067253 -0.0010044682654471017 0.012148627227820133 0.013296348191797733 -0.00044113231307481618 0.0039206834499504462 0.0023722032925786243 -0.0049215783597901467 0.01242936711226191 0.0024975099269067872
leaf_weight=5574 717 145 177 981 61 538 46 20 178 89 31 22 21 40
leaf_count=5574 717 145 177 981 61 538 46 20 178 89 31 22 21 40
internal_value=1.23663e-12 0.00039339 0.000174128 0.000392209 -0.00316194 -0.0018252 0.00424372 0.00557578 -0.00283664 0.00495566 0.00821266 0.00349758 0.00554507 -0.00013507
internal_weight=8640 7684 7270 6555 956 715 414 269 895 249 77 172 110 62
internal_count=8640 7684 7270 6555 956 715 414 269 895 249 77 172 110 62
is_linear=0
shrinkage=0.05


Tree=18
num_leaves=15
num_cat=0
split_feature=5 8 5 4 8 3 4 3 3 5 7 4 8 3
split_gain=3.87969 2.34183 1.14431 1.43687 0.53583 0.52848 0.491976 0.464931 0.460282 0.426881 0.638993 0.461829 0.444067 0.292197
threshold=1.1500000000000001 1.1500000000000004 0.55000000000000016 0.25000000000000006 4.2833333333333341 0.15000000000000005 0.8500000000000002 4.4500000000000011 2.0500000000000003 0.15000000000000005 1.633331597940691 2.6500000000000008 1.6166666666666669 0.55000000000000016
decision_type=2 2 2 2 2 2 2 2 2 2 2 2 2 2
left_child=1 2 3 -1 8 -4 -3 9 -2 10 -8 12 -11 -5
right_child=4 6 5 13 -6 -7 7 -9 -10 11 -12 -13 -14 -15
leaf_value=6.2039909158680191e-05 -0.0032597677534937433 0.0016838765996187157 -0.0041038744999385198 0.0015030452621471301 -0.0075380422478373791 -0.00095424483867432913 0.011541195669332925 0.012631530389189722 -0.00041907566682608229 0.0037246492382641255 0.0022535930973507706 -0.00012831626189572194 0.011807898644890104 0.0033114406911451178
leaf_weight=5574 717 145 177 637 61 538 46 20 178 89 31 62 21 344
leaf_count=5574 717 145 177 637 61 538 46 20 178 89 31 62 21 344
internal_value=-5.00643e-13 0.000373721 0.000165422 0.000372599 -0.00300384 -0.00173394 0.00403153 0.00529699 -0.0026948 0.00470787 0.00780203 0.0033227 0.00526782 0.00213718
internal_weight=8640 7684 7270 6555 956 715 414 269 895 249 77 172 110 981
internal_count=8640 7684 7270 6555 956 715 414 269 895 249 77 172 110 981
is_linear=0
shrinkage=0.05


Tree=19
num_leaves=15
num_cat=0
split_feature=5 8 5 4 3 8 4 3 3 5 7 4 8 5
split_gain=3.50142 2.1135 1.03274 1.29678 0.485881 0.483586 0.444008 0.4196 0.415405 0.38526 0.576691 0.4168 0.400771 0.289333
threshold=1.1500000000000001 1.1500000000000004 0.55000000000000016 0.25000000000000006 1.0000000180025095e-35 4.2833333333333341 0.8500000000000002 4.4500000000000011 2.0500000000000003 0.15000000000000005 1.633331597940691 2.6500000000000008 1.6166666666666669 0.25000000000000006
decision_type=2 2 2 2 2 2 2 2 2 2 2 2 2 2
left_child=1 2 3 -1 -4 8 -3 9 -2 10 -8 12 -11 -5
right_child=5 6 4 13 -6 -7 7 -9 -10 11 -12 -13 -14 -15
leaf_value=5.8937919967637864e-05 -0.0030967793323413303 0.0015996827113498324 -0.0049973918639304258 0.0026712637273631698 -0.0011401388462582843 -0.0071611401170766989 0.010964135930913946 0.011999954134225846 -0.00039812185483712581 0.0035384167686858207 0.0021409134861202009 -0.00012190040508886018 0.011217503568955831 0.00087991587162957103
leaf_weight=5574 717 145 94 630 621 61 46 20 178 89 31 62 21 351
leaf_count=5574 717 145 94 630 621 61 46 20 178 89 31 62 21 351
internal_value=-3.79546e-13 0.000355035 0.000157151 0.000353969 -0.00164725 -0.00285365 0.00382995 0.00503214 -0.00256006 0.00447248 0.00741193 0.00315656 0.00500442 0.00203032
internal_weight=8640 7684 7270 6555 715 956 414 269 895 249 77 172 110 981
internal_count=8640 7684 7270 6555 715 956 414 269 895 249 77 172 110 981
is_linear=0
shrinkage=0.05


Tree=20
num_leaves=15
num_cat=0
split_feature=5 6 5 5 8 4 3 2 8 4 7 2 3 5
split_gain=3.17132 1.82789 0.671664 0.557504 0.554522 0.521365 0.830574 0.44783 0.6033 0.419662 0.390557 0.37946 0.37493 0.519586
threshold=0.8500000000000002 0.95000000000000018 0.35000000000000003 3.7500000000000004 1.3833333333333335 2.4500000000000006 1.1500000000000001 86.003450000000015 1.7500000000000002 0.35000000000000003 1.1799238225444346 75.043350000000018 0.25000000000000006 1.5500000000000003
decision_type=2 2 2 2 2 2 2 2 2 2 2 2 2 2
left_child=1 -1 5 4 11 7 -7 -3 9 10 -9 12 -2 -14
right_child=3 2 -4 -5 -6 6 -8 8 -10 -11 -12 -13 13 -15
leaf_value=7.3139351425379173e-05 0.0025703832162199199 0.0038262510193264702 0.00040480444231488842 -0.0049659586935135794 -1.7807600971233722e-05 0.0035003761907348471 0.014007319825597936 -0.0029003230787381746 -0.0067289343315430671 0.0032114142903639955 0.0035840848820017919 -0.003405292234840786 -0.00067915937936984417 -0.005348163485390748
leaf_weight=6214 54 362 334 166 300 62 27 69 22 196 35 499 218 82
leaf_count=6214 54 362 334 166 300 62 27 69 22 196 35 499 218 82
internal_value=6.97094e-12 0.000406603 0.00227846 -0.00225681 -0.00186677 0.00308803 0.00668788 0.00261963 0.00126311 0.00184919 -0.00071807 -0.00251705 -0.00126499 -0.00195535
internal_weight=8640 7321 1107 1319 1153 773 89 684 322 300 104 853 354 300
internal_count=8640 7321 1107 1319 1153 773 89 684 322 300 104 853 354 300
is_linear=0
shrinkage=0.05


Tree=21
num_leaves=15
num_cat=0
split_feature=5 6 2 1 1 3 3 3 5 7 4 3 1 7
split_gain=2.87805 2.11931 0.816234 0.632772 0.459143 0.45763 0.415849 0.461613 0.514883 0.440896 0.400534 0.72513 0.351019 0.337737
threshold=0.55000000000000016 0.54999999999999993 75.043350000000018 27.379200000000004 22.610250000000004 4.8500000000000005 0.65000000000000002 0.25000000000000006 1.7500000000000002 0.52808988664221435 0.15000000000000005 0.25000000000000006 16.079350000000005 0.27265482080417314
decision_type=2 2 2 2 2 2 2 2 2 2 2 2 2 2
left_child=1 -1 6 12 -4 13 7 9 -9 -2 -5 -12 -3 -6
right_child=2 3 4 10 5 -7 -8 8 -10 -11 11 -13 -14 -15
leaf_value=2.5643322288810424e-05 -0.0013911676631929975 0.0036662116032554573 -0.0093007879853248595 0.0019101549404352824 0.00050143226244357198 0.0028711109780348264 0.00094718499197967473 -0.0014665211863787769 -0.0068682122716887135 0.0059287464090933412 0.0020894061594100839 0.0090057532083284986 0.0013213867666664666 -0.0028967594520612743
leaf_weight=5441 48 192 25 93 79 39 309 241 54 36 66 89 946 982
leaf_count=5441 48 192 25 93 79 39 309 241 54 36 66 89 946 982
internal_value=-1.23447e-12 0.000470269 -0.00177084 0.00221573 -0.00260049 -0.00244821 -0.000414209 -0.00152416 -0.00245531 0.00174594 0.00450426 0.00606073 0.001717 -0.00264374
internal_weight=8640 6827 1813 1386 1125 1100 688 379 295 84 248 155 1138 1061
internal_count=8640 6827 1813 1386 1125 1100 688 379 295 84 248 155 1138 1061
is_linear=0
shrinkage=0.05


Tree=22
num_leaves=15
num_cat=0
split_feature=5 8 5 4 3 8 4 3 0 4 2 3 3 5
split_gain=2.64371 1.75079 0.800386 1.02827 0.416619 0.412065 0.377636 0.364603 0.341275 0.580531 0.487745 0.340278 0.323943 0.266351
threshold=1.1500000000000001 1.1500000000000004 0.55000000000000016 0.25000000000000006 0.15000000000000005 4.2833333333333341 0.8500000000000002 4.4500000000000011 60.000000000000007 1.9500000000000002 75.043350000000018 2.0500000000000003 1.2500000000000002 0.25000000000000006
decision_type=2 2 2 2 2 2 2 2 2 2 2 2 2 2
left_child=1 2 3 -1 -4 11 -3 8 9 -8 -11 -2 13 -12
right_child=5 6 4 -5 -6 -7 7 -9 -10 10 12 -13 -14 -15
leaf_value=3.8946361583341152e-05 -0.002694378612430525 0.0014143857075672212 -0.0035643197690783919 0.001794410839842817 -0.00076782007322587827 -0.0064558381985750845 0.0062989795881816567 0.011075062267482281 0.0066760244097627975 -0.0050243587799680732 0.0035795249922487603 -0.00025191231358670789 0.0076194075867533689 -0.0040953976940363646
leaf_weight=5574 717 145 177 981 538 61 68 20 83 30 26 178 22 20
leaf_count=5574 717 145 177 981 538 61 68 20 83 30 26 178 22 20
internal_value=-2.52713e-12 0.0003085 0.000128395 0.000301663 -0.0014601 -0.00247962 0.00347122 0.00457992 0.00405822 0.00274932 0.000286285 -0.00220861 0.00262922 0.000242602
internal_weight=8640 7684 7270 6555 715 956 414 269 249 166 98 895 68 46
internal_count=8640 7684 7270 6555 715 956 414 269 249 166 98 895 68 46
is_linear=0
shrinkage=0.05


Tree=23
num_leaves=15
num_cat=0
split_feature=5 8 5 4 3 8 7 3 5 2 3 4 4 1
split_gain=2.38595 1.58009 0.722349 0.928014 0.378902 0.371888 0.35269 0.416298 0.415158 0.405911 0.3071 0.283163 0.284236 0.258498
threshold=1.1500000000000001 1.1500000000000004 0.55000000000000016 0.25000000000000006 1.0000000180025095e-35 4.2833333333333341 1.1185237245927746 4.9500000000000011 0.15000000000000005 86.003450000000015 2.0500000000000003 2.6500000000000008 4.1000000000000005 27.379200000000004
decision_type=2 2 2 2 2 2 2 2 2 2 2 2 2 2
left_child=1 2 3 -1 -4 10 -3 8 11 -9 13 -8 -13 -2
right_child=5 6 4 -5 -6 -7 7 9 -10 -11 -12 12 -14 -15
leaf_value=3.699904791097778e-05 -0.0021234117442123237 0.0052748860815246528 -0.0043455329205979538 0.0017046902807621757 -0.00093928035820126489 -0.0061330463199067075 0.00097836073228093094 0.011437875388020819 -0.00050720901891159332 0.0022098714629044899 -0.00023931674299541904 0.010240619219839573 0.0024481098731154241 -0.0046257298886775971
leaf_weight=5574 592 146 94 981 621 61 43 22 130 26 178 25 22 125
leaf_count=5574 592 146 94 981 621 61 43 22 130 26 178 25 22 125
internal_value=-1.35566e-12 0.000293075 0.000121975 0.00028658 -0.0013871 -0.00235564 0.00329766 0.00222051 0.00130003 0.00643937 -0.00209818 0.00391048 0.00659306 -0.00255966
internal_weight=8640 7684 7270 6555 715 956 414 268 220 48 895 90 47 717
internal_count=8640 7684 7270 6555 715 956 414 268 220 48 895 90 47 717
is_linear=0
shrinkage=0.05


Tree=24
num_leaves=15
num_cat=0
split_feature=5 3 4 1 5 3 7 5 8 2 8 1 4 1
split_gain=2.15332 1.46235 1.09033 1.03453 0.821531 0.743207 0.602455 0.448277 0.335629 0.306267 0.304527 0.30023 0.302489 0.279209
threshold=1.1500000000000001 0.55000000000000016 0.65000000000000002 27.379200000000004 0.25000000000000006 1.0000000180025095e-35 0.1330716345648871 1.0000000180025095e-35 4.2833333333333341 75.043350000000018 1.9166666666666672 22.610250000000004 0.35000000000000003 27.379200000000004
decision_type=2 2 2 2 2 2 2 2 2 2 2 2 2 2
left_child=1 4 7 -4 6 -6 -1 -3 13 -8 11 -9 -13 -2
right_child=8 2 3 -5 5 -7 9 10 -10 -11 -12 12 -14 -15
leaf_value=-6.429245328797088e-06 -0.0015859458673484366 0.0023005980545244479 0.002770370636056198 0.0099150233346511404 -0.0041029193202445132 -0.00067959323502890089 -0.00083252193043545754 0.00086136557580187678 -0.0058263940026708804 0.0021388408523659542 0.0058602351163114822 -0.0021286253480756858 0.0018000061398555267 -0.0039079783533278638
leaf_weight=4679 738 295 456 57 202 737 104 301 61 522 21 249 61 157
leaf_count=4679 738 295 456 57 202 737 104 301 61 522 21 249 61 157
internal_value=8.62588e-13 0.000278421 0.00171474 0.00356422 -5.28251e-05 -0.00141603 0.000188466 0.000691246 -0.00223786 0.0016452 -5.99547e-05 -0.000263431 -0.00135557 -0.00199327
internal_weight=8640 7684 1440 513 6244 939 5305 927 956 626 632 611 310 895
internal_count=8640 7684 1440 513 6244 939 5305 927 956 626 632 611 310 895
is_linear=0
shrinkage=0.05


Tree=25
num_leaves=15
num_cat=0
split_feature=5 6 2 1 1 3 3 1 5 4 3 7 3 7
split_gain=1.95814 1.52044 0.620889 0.523287 0.413423 0.378085 0.336643 0.329819 0.317789 0.279753 0.586124 0.268884 0.210955 0.409524
threshold=0.55000000000000016 0.54999999999999993 75.043350000000018 27.379200000000004 22.610250000000004 4.8500000000000005 1.8500000000000003 16.079350000000005 3.0500000000000003 0.15000000000000005 0.25000000000000006 0.21075257835628067 0.25000000000000006 0.52808988664221435
decision_type=2 2 2 2 2 2 2 2 2 2 2 2 2 2
left_child=1 -1 6 7 -4 11 8 -3 12 -5 -11 -6 13 -2
right_child=2 3 4 9 5 -7 -8 -9 -10 10 -12 -13 -14 -15
leaf_value=1.1297835566616342e-05 -0.0011218206064465145 0.0033022141831073291 -0.0085422157943248755 0.00177948538812318 0.0022250885292041033 0.0027952091481823187 0.0032061569129360752 0.0010293003346459168 -0.0068296137452125557 0.0016778141376121451 0.0078959998800262315 -0.0023600972702265592 -0.00079850961757875656 0.0059328614164971642
leaf_weight=5441 48 192 25 93 33 39 63 946 20 66 89 1028 521 36
leaf_count=5441 48 192 25 93 33 39 63 946 20 66 89 1028 521 36
internal_value=4.38406e-12 0.000387899 -0.00146067 0.00186632 -0.00218426 -0.00203976 -0.00027746 0.00141278 -0.000628608 0.00394747 0.00524826 -0.00221749 -0.000423616 0.00190161
internal_weight=8640 6827 1813 1386 1125 1100 688 1138 625 248 155 1061 605 84
internal_count=8640 6827 1813 1386 1125 1100 688 1138 625 248 155 1061 605 84
is_linear=0
shrinkage=0.05


Tree=26
num_leaves=15
num_cat=0
split_feature=5 8 5 7 2 7 3 5 5 5 2 4 3 8
split_gain=1.80044 1.25158 0.593828 1.02292 0.673646 0.311545 0.348729 0.372364 0.331299 0.302075 0.268677 0.331438 0.259829 0.254854
threshold=1.1500000000000001 1.1500000000000004 0.35000000000000003 0.22586347517122232 75.043350000000018 1.1185237245927746 4.9500000000000011 0.15000000000000005 0.15000000000000005 4.4500000000000011 86.003450000000015 0.35000000000000003 1.0000000180025095e-35 1.716666666666667
decision_type=2 2 2 2 2 2 2 2 2 2 2 2 2 2
left_child=1 2 3 -1 -4 -3 8 -8 -7 13 -5 -12 -6 -2
right_child=9 5 4 10 12 6 7 -9 -10 -11 11 -13 -14 -15
leaf_value=2.6889968776259734e-05 -0.0021438594834114386 0.0047869798140472743 0.00018695953800121879 0.0025193045811777535 -0.0040242311854885851 0.0034057651496388849 0.0011862849735695385 0.010001650873571634 -0.00054060977650806309 -0.0042669161028849583 -0.0012625777678809656 0.0018731934733213591 -0.001552087865514115 1.5205785906685226e-05
leaf_weight=5136 651 146 645 560 143 90 23 25 130 132 129 243 414 173
leaf_count=5136 651 146 645 560 143 90 23 25 130 132 129 243 414 173
internal_value=1.90994e-12 0.000254588 0.00010231 0.000303433 -0.000913012 0.00292866 0.00191629 0.00577762 0.00107382 -0.00204629 0.00182739 0.000785789 -0.00218677 -0.00169056
internal_weight=8640 7684 7270 6068 1202 414 268 48 220 956 932 372 557 824
internal_count=8640 7684 7270 6068 1202 414 268 48 220 956 932 372 557 824
is_linear=0
shrinkage=0.05


Tree=27
num_leaves=15
num_cat=0
split_feature=5 3 4 1 5 3 7 5 6 5 7 6 8 4
split_gain=1.62815 1.0794 0.649763 0.827055 0.387069 0.475051 0.469541 0.355597 0.468384 0.335328 0.303429 0.794772 0.326209 0.314747
threshold=0.8500000000000002 0.55000000000000016 0.65000000000000002 27.379200000000004 0.25000000000000006 1.0000000180025095e-35 0.1330716345648871 3.7500000000000004 3.0500000000000003 1.5500000000000003 1.1925663124871955 2.4500000000000006 2.2833333333333341 2.0500000000000003
decision_type=2 2 2 2 2 2 2 2 2 2 2 2 2 2
left_child=1 4 -3 10 6 -6 -1 8 9 -2 11 13 -12 -4
right_child=7 2 3 -5 5 -7 -8 -9 -10 -11 12 -13 -14 -15
leaf_value=-8.0171684071006965e-06 -0.00093779733301319838 0.00077500037158301054 0.0028502267616768852 0.0090711278925972218 -0.0034468821646217378 -0.00038897425301602073 0.0014500777380962741 -0.0037807028087035541 0.0013410943751669911 -0.0027970873806772915 -0.0043577212345553562 0.012611422054469586 0.0031048281924557636 -0.0024503577740923052
leaf_weight=4679 600 814 290 52 162 588 626 166 146 407 32 20 27 31
leaf_count=4679 600 814 290 52 162 588 626 166 146 407 32 20 27 31
internal_value=6.47781e-12 0.000291339 0.00161909 0.00313919 1.37283e-05 -0.00104948 0.000164041 -0.00161705 -0.00130554 -0.00168927 0.00236804 0.00294086 -0.000942656 0.00233833
internal_weight=8640 7321 1266 452 6055 750 5305 1319 1153 1007 400 341 59 321
internal_count=8640 7321 1266 452 6055 750 5305 1319 1153 1007 400 341 59 321
is_linear=0
shrinkage=0.05


Tree=28
num_leaves=15
num_cat=0
split_feature=5 6 2 1 1 3 3 3 5 7 1 7 4 3
split_gain=1.48193 1.14726 0.494481 0.437353 0.371194 0.304099 0.284968 0.397114 0.386802 0.383907 0.283868 0.234956 0.226644 0.492224
threshold=0.55000000000000016 0.54999999999999993 75.043350000000018 27.379200000000004 22.610250000000004 4.8500000000000005 0.65000000000000002 0.25000000000000006 1.7500000000000002 0.52808988664221435 16.079350000000005 0.27265482080417314 0.15000000000000005 0.25000000000000006
decision_type=2 2 2 2 2 2 2 2 2 2 2 2 2 2
left_child=1 -1 6 10 -4 11 7 9 -9 -2 -3 -6 -5 -14
right_child=2 3 4 12 5 -7 -8 8 -10 -11 -12 -13 13 -15
leaf_value=1.0315105113715695e-05 -0.0010279124525065222 0.0029599354656359841 -0.00794094380736351 0.0015729201661303306 0.00068437916792551934 0.0025566426225197623 0.00091218630882792151 -0.0011402415959717595 -0.005822119432532755 0.0058025642608602844 0.0008512937858844487 -0.0021499572826436555 0.0014231547512198713 0.0071215211141728955
leaf_weight=5441 48 192 25 93 79 39 309 241 54 36 946 982 66 89
leaf_count=5441 48 192 25 93 79 39 309 241 54 36 946 982 66 89
internal_value=-3.83318e-12 0.000337451 -0.0012707 0.00162169 -0.00191645 -0.00177953 -0.000214789 -0.00113362 -0.00199726 0.00189943 0.00120706 -0.00193892 0.0035243 0.00469512
internal_weight=8640 6827 1813 1386 1125 1100 688 379 295 84 1138 1061 248 155
internal_count=8640 6827 1813 1386 1125 1100 688 379 295 84 1138 1061 248 155
is_linear=0
shrinkage=0.05


Tree=29
num_leaves=15
num_cat=0
split_feature=5 8 5 6 2 3 3 3 5 8 1 1 1 7
split_gain=1.34507 1.02599 0.487745 0.786858 0.557768 0.279826 0.416525 0.381499 0.33179 0.270334 0.251081 0.243166 0.235374 0.233392
threshold=1.1500000000000001 1.1500000000000004 0.35000000000000003 0.35000000000000009 75.043350000000018 2.8500000000000001 4.9500000000000011 2.3500000000000001 0.15000000000000005 4.2833333333333341 27.379200000000004 27.379200000000004 16.079350000000005 1.4828646686814979
decision_type=2 2 2 2 2 2 2 2 2 2 2 2 2 2
left_child=1 2 3 -1 -4 7 -7 -3 -8 10 -2 12 -5 -12
right_child=9 5 4 11 -6 6 8 -9 -10 -11 13 -13 -14 -15
leaf_value=-7.3260536527708754e-06 -0.0011629098090099857 0.0029231091233826167 0.00016290636055382211 0.0024724951821523543 -0.0019970331978673805 -0.00010117494320082996 0.00094306672639820884 0.0084847916232270986 0.0092643177416175601 -0.0049892911870704319 -0.0043784342550983032 0.0030578154562414168 0.00065215271172492707 0.00030183503952096492
leaf_weight=4942 738 185 645 239 557 144 23 37 25 61 123 196 691 34
leaf_count=4942 738 185 645 239 557 144 23 37 25 61 123 196 691 34
internal_value=-3.73777e-13 0.000220049 8.21757e-05 0.000264451 -0.000837997 0.00264116 0.00124338 0.00385006 0.00527705 -0.00176868 -0.00154918 0.00145728 0.00111996 -0.00336487
internal_weight=8640 7684 7270 6068 1202 414 192 222 48 956 895 1126 930 157
internal_count=8640 7684 7270 6068 1202 414 192 222 48 956 895 1126 930 157
is_linear=0
shrinkage=0.05


Tree=30
num_leaves=15
num_cat=0
split_feature=5 4 3 1 4 5 7 3 0 2 1 2 3 8
split_gain=1.22597 0.820297 0.605427 0.61133 0.750046 0.482226 0.709979 0.447897 0.323757 0.599232 0.30086 0.274203 0.23336 0.317309
threshold=1.5500000000000003 1.4500000000000002 0.8500000000000002 27.379200000000004 1.6500000000000001 0.35000000000000003 0.22586347517122232 0.15000000000000005 60.000000000000007 78.923900000000017 27.379200000000004 86.003450000000015 2.0500000000000003 3.9833333333333338
decision_type=2 2 2 2 2 2 2 2 2 2 2 2 2 2
left_child=1 5 -3 4 -4 6 -1 -7 9 -6 -9 -8 -2 -14
right_child=12 2 3 -5 8 7 11 10 -10 -11 -12 -13 13 -15
leaf_value=2.0646845865022128e-05 -0.0025945505573762356 0.00075888900207176518 0.0093283757668089218 0.010885095863693184 -0.0050834326257341005 -0.0024015783483264386 0.0022698681006994249 2.4135036027053513e-07 0.0057573751746011637 0.003443806456893476 -0.0024329337375770437 0.00048452207992444139 0.00065479804857239443 -0.0050458952621556825
leaf_weight=5136 503 273 37 31 38 324 532 1026 28 45 145 361 131 30
leaf_count=5136 503 273 37 31 38 324 532 1026 28 45 145 361 131 30
internal_value=3.93194e-12 0.000171848 0.00224065 0.00450053 0.00316322 4.75658e-05 0.000246894 -0.00075628 0.00110817 -0.000460231 -0.000301048 0.00154813 -0.00206424 -0.000407443
internal_weight=8640 7976 452 179 148 7524 6029 1495 111 83 1171 893 664 161
internal_count=8640 7976 452 179 148 7524 6029 1495 111 83 1171 893 664 161
is_linear=0
shrinkage=0.05


Tree=31
num_leaves=15
num_cat=0
split_feature=5 4 1 5 8 1 3 6 8 7 4 2 7 5
split_gain=1.11511 0.936491 0.404347 0.386243 0.491742 0.359187 0.558489 0.323886 0.316315 0.347995 0.313143 0.318744 0.260379 0.309521
threshold=0.55000000000000016 0.25000000000000006 16.079350000000005 2.1500000000000008 1.5833333333333335 27.379200000000004 0.25000000000000006 2.5500000000000003 1.0500000000000003 1.5762118980407567 1.0000000180025095e-35 86.003450000000015 0.9422194171852164 1.7500000000000002
decision_type=2 2 2 2 2 2 2 2 2 2 2 2 2 2
left_child=1 -1 -2 4 7 -3 -7 12 -5 10 11 -10 13 -4
right_child=2 5 3 8 -6 6 -8 -9 9 -11 -12 -13 -14 -15
leaf_value=2.2289722786199832e-05 -0.0074171073436737067 0.0011716464500017892 -0.00069385100977049658 -0.0062802959719429844 0.0019888079779047988 0.0010792476442557845 0.0063583805650958549 -0.0071145134844950268 -0.0013185105612501503 -0.0034464176506788001 -0.0015137648209929467 0.0072281616662318512 0.0039141373875151786 -0.0033935426840937494
leaf_weight=5627 25 998 1059 46 160 110 92 21 20 177 135 24 28 118
leaf_count=5627 25 998 1059 46 160 110 92 21 20 177 135 24 28 118
internal_value=-4.67516e-12 0.000292722 -0.00110227 -0.00101398 -0.000618201 0.00156083 0.00348361 -0.00095843 -0.00237851 -0.00187435 -0.000319847 0.00334331 -0.000851146 -0.000964508
internal_weight=8640 6827 1813 1788 1386 1200 202 1226 402 356 179 44 1205 1177
internal_count=8640 6827 1813 1788 1386 1200 202 1226 402 356 179 44 1205 1177
is_linear=0
shrinkage=0.05


Tree=32
num_leaves=15
num_cat=0
split_feature=5 3 4 1 2 5 1 2 3 3 5 3 7 8
split_gain=1.00639 0.857413 0.529437 0.488639 0.369307 0.310494 0.302777 0.267614 0.246433 0.243531 0.232262 0.218209 0.214159 0.271819
threshold=0.55000000000000016 0.25000000000000006 0.65000000000000002 27.379200000000004 75.043350000000018 0.25000000000000006 22.610250000000004 86.003450000000015 4.8500000000000005 1.8500000000000003 3.0500000000000003 1.0000000180025095e-35 0.51422346211470682 1.0833333333333337
decision_type=2 2 2 2 2 2 2 2 2 2 2 2 2 2
left_child=1 5 7 -4 9 -1 -6 -3 12 10 -2 -7 -8 -14
right_child=4 2 3 -5 6 11 8 -9 -10 -11 -12 -13 13 -15
leaf_value=6.3472245400559199e-05 -0.0002580418142952864 0.0011972143338876979 0.0020662282867408245 0.0067959144977586608 -0.0070462520122528075 -0.0034464017057101817 -0.00064411024752787432 -0.00050237264869726101 0.0024218856977919739 0.00282830974705691 -0.0057345836795866488 -0.00060785233556801823 -0.0034801019944621214 -0.0014111828583988576
leaf_weight=4935 605 794 410 63 25 104 365 327 39 63 20 194 245 451
leaf_count=4935 605 794 410 63 25 104 365 327 39 63 20 194 245 451
internal_value=2.66968e-12 0.000278086 0.00129336 0.00269619 -0.00104716 -3.11702e-05 -0.00160522 0.000701438 -0.00148156 -0.000134627 -0.000433291 -0.00159849 -0.00162504 -0.00213947
internal_weight=8640 6827 1594 473 1813 5233 1125 1121 1100 688 625 298 1061 696
internal_count=8640 6827 1594 473 1813 5233 1125 1121 1100 688 625 298 1061 696
is_linear=0
shrinkage=0.05


Tree=33
num_leaves=15
num_cat=0
split_feature=5 4 3 1 4 5 6 3 0 2 1 1 1 5
split_gain=0.9206 0.659511 0.516925 0.493668 0.681573 0.384025 0.57533 0.368833 0.292995 0.545253 0.264169 0.228795 0.207759 0.186656
threshold=1.5500000000000003 1.4500000000000002 0.8500000000000002 27.379200000000004 1.6500000000000001 0.35000000000000003 0.35000000000000009 0.15000000000000005 60.000000000000007 78.923900000000017 27.379200000000004 27.379200000000004 16.079350000000005 1.3500000000000003
decision_type=2 2 2 2 2 2 2 2 2 2 2 2 2 2
left_child=1 5 -3 4 -4 6 -1 -7 9 -6 13 12 -8 -9
right_child=-2 2 3 -5 8 7 11 10 -10 -11 -12 -13 -14 -15
leaf_value=-1.3714565833474017e-05 -0.0017887809409034797 0.00063473788351664875 0.008767362402097599 0.0098294448287736987 -0.0049707352600403525 -0.002172901453867118 0.0021961796354136166 -0.00017519178542141546 0.0053541760292968588 0.0031633761254165117 -0.0022644282951308735 0.002818051929262327 0.00046460174795047438 0.0023999201954881615
leaf_weight=4942 664 273 37 31 38 324 235 950 28 45 145 193 659 76
leaf_count=4942 664 273 37 31 38 324 235 950 28 45 145 193 659 76
internal_value=-2.35275e-12 0.000148916 0.00200391 0.0040921 0.00289036 3.74775e-05 0.000215356 -0.000679867 0.00093136 -0.000560675 -0.000266764 0.00125682 0.00091977 1.55573e-05
internal_weight=8640 7976 452 179 148 7524 6029 1495 111 83 1171 1087 894 1026
internal_count=8640 7976 452 179 148 7524 6029 1495 111 83 1171 1087 894 1026
is_linear=0
shrinkage=0.05


Tree=34
num_leaves=15
num_cat=0
split_feature=5 8 5 7 2 7 3 5 5 8 8 7 6 7
split_gain=0.835874 0.73968 0.335239 0.521832 0.406802 0.236989 0.261487 0.296896 0.229018 0.214433 0.219488 0.338938 0.72914 0.309376
threshold=1.1500000000000001 1.1500000000000004 0.35000000000000003 0.22586347517122232 75.043350000000018 1.1185237245927746 4.9500000000000011 0.15000000000000005 0.15000000000000005 4.2833333333333341 2.6166666666666671 1.5606251931528003 3.2500000000000004 2.650718932888521
decision_type=2 2 2 2 2 2 2 2 2 2 2 2 2 2
left_child=1 2 3 -1 -4 -3 8 -8 -7 10 11 12 -2 -12
right_child=9 5 4 -5 -6 6 7 -9 -10 -11 13 -13 -14 -15
leaf_value=9.9989219791572503e-06 -0.0014259364606329129 0.0038499774056094485 0.00014831596564243428 0.0012959886774199462 -0.0016963008057094189 0.0025555586359567116 0.00059011068154612317 0.008461629122961313 -0.00072556686336891019 -0.0042626323470403059 0.0044842972109715145 -0.0043172310971255814 0.0061811823454318631 -0.0018136092963126991
leaf_weight=5136 693 146 645 932 557 90 23 25 130 61 39 91 33 39
leaf_count=5136 693 146 645 932 557 90 23 25 130 61 39 91 33 39
internal_value=-5.19591e-13 0.000173468 5.64017e-05 0.000207517 -0.000706469 0.00222919 0.00134623 0.00468986 0.000616712 -0.00139427 -0.00119878 -0.00144071 -0.00108016 0.00133534
internal_weight=8640 7684 7270 6068 1202 414 268 48 220 956 895 817 726 78
internal_count=8640 7684 7270 6068 1202 414 268 48 220 956 895 817 726 78
is_linear=0
shrinkage=0.05


Tree=35
num_leaves=15
num_cat=0
split_feature=5 4 3 4 0 2 5 6 3 1 1 8 1 5
split_gain=0.764151 0.556087 0.447821 0.439827 0.680945 0.557282 0.313311 0.472275 0.3145 0.227982 0.207431 0.191163 0.188572 0.175798
threshold=1.5500000000000003 1.4500000000000002 0.8500000000000002 1.6500000000000001 60.000000000000007 75.043350000000018 0.35000000000000003 0.35000000000000009 0.15000000000000005 27.379200000000004 27.379200000000004 1.9166666666666672 16.079350000000005 1.3500000000000003
decision_type=2 2 2 2 2 2 2 2 2 2 2 2 2 2
left_child=1 6 -3 -4 5 -5 7 -1 -8 13 12 -7 -9 -10
right_child=-2 2 3 4 -6 11 8 10 9 -11 -12 -13 -14 -15
leaf_value=-1.3528780239689431e-05 -0.0016297134039281861 0.00056464601964382761 0.008329700555924963 -0.0048016098720070569 0.0070190264606008346 0.0060856544865398772 -0.0019932821030113389 0.0020327172900966193 -0.00015597777459927449 -0.0020889320794958625 0.0026241589944130789 -0.00019314307719469072 0.00038303444540493438 0.0023431138331560714
leaf_weight=4942 664 273 41 38 51 27 324 235 950 145 193 22 659 76
leaf_count=4942 664 273 41 38 51 27 324 235 950 145 193 22 659 76
internal_value=1.49997e-12 0.000135673 0.00183902 0.00378263 0.00243169 -0.000257444 3.33454e-05 0.000194014 -0.000614596 -0.000233132 0.0011376 0.0032666 0.000816676 2.91401e-05
internal_weight=8640 7976 452 179 138 87 7524 6029 1495 1171 1087 49 894 1026
internal_count=8640 7976 452 179 138 87 7524 6029 1495 1171 1087 49 894 1026
is_linear=0
shrinkage=0.05


Tree=36
num_leaves=15
num_cat=0
split_feature=5 3 4 1 7 6 4 7 7 8 1 5 3 6
split_gain=0.699145 0.545848 0.419674 0.437654 0.279437 0.665189 0.291005 0.58338 0.429003 0.278849 0.251273 0.224457 0.316259 0.236711
threshold=0.8500000000000002 0.55000000000000016 0.65000000000000002 27.379200000000004 1.1925663124871955 2.4500000000000006 2.0500000000000003 0.77387612098710157 0.53953141390848514 2.2833333333333341 22.610250000000004 0.25000000000000006 1.0000000180025095e-35 0.20000000000000015
decision_type=2 2 2 2 2 2 2 2 2 2 2 2 2 2
left_child=1 11 -3 4 5 6 7 8 -4 -6 -10 13 -13 -1
right_child=-2 2 3 -5 9 -7 -8 -9 10 -11 -12 12 -14 -15
leaf_value=-2.2685207752996708e-05 -0.00105964269714908 0.00045673626130402455 0.0028245120432200989 0.0066719081790114826 -0.0045387562347059427 0.011192647516727447 -0.0028102525299595251 0.009752391589184603 -0.0042592300601848746 0.0023608403125156959 0.0017624786992867789 -0.0027722477799092485 -0.00027721580978186774 0.00096179985977497295
leaf_weight=4601 1319 814 195 52 32 20 31 24 41 27 30 162 588 704
leaf_count=4601 1319 814 195 52 32 20 31 24 41 27 30 162 588 704
internal_value=3.96944e-12 0.000190912 0.00113511 0.00235677 0.0017958 0.00234551 0.00179428 0.00228649 0.00161288 -0.00138131 -0.00171485 -6.50282e-06 -0.000816143 0.000107961
internal_weight=8640 7321 1266 452 400 341 321 290 266 59 71 6055 750 5305
internal_count=8640 7321 1266 452 400 341 321 290 266 59 71 6055 750 5305
is_linear=0
shrinkage=0.05


Tree=37
num_leaves=15
num_cat=0
split_feature=5 4 3 4 0 2 5 7 3 1 2 5 3 8
split_gain=0.643253 0.483502 0.386157 0.394204 0.58714 0.49085 0.263499 0.398544 0.262234 0.203979 0.195138 0.207775 0.17271 0.253364
threshold=1.5500000000000003 1.4500000000000002 0.8500000000000002 1.6500000000000001 60.000000000000007 75.043350000000018 0.35000000000000003 0.22586347517122232 0.15000000000000005 27.379200000000004 86.003450000000015 1.0000000180025095e-35 2.0500000000000003 3.9833333333333338
decision_type=2 2 2 2 2 2 2 2 2 2 2 2 2 2
left_child=1 6 -3 -4 5 -5 7 -1 -8 -10 -9 -12 -2 -14
right_child=12 2 3 4 -6 -7 8 10 9 -11 11 -13 13 -15
leaf_value=6.8958699682363347e-06 -0.0019514649229264904 0.00052938565454913153 0.0078223979395882388 -0.0045231199314768765 0.006498322708933961 0.0030489444590116642 -0.0018240690487508811 0.0017601884458182536 3.1265420505035394e-05 -0.0019722076382584354 0.0014047630999289625 -0.00099638409891052745 0.00087927900563982385 -0.0042147264350205658
leaf_weight=5136 503 273 41 38 51 49 324 532 1026 145 188 173 131 30
leaf_count=5136 503 273 41 38 51 49 324 532 1026 145 188 173 131 30
internal_value=-2.77489e-12 0.000124479 0.00171278 0.00351761 0.00223865 -0.000258394 2.90628e-05 0.000176407 -0.000565144 -0.000216816 0.00115133 0.000254075 -0.00149525 -6.99146e-05
internal_weight=8640 7976 452 179 138 87 7524 6029 1495 1171 893 361 664 161
internal_count=8640 7976 452 179 138 87 7524 6029 1495 1171 893 361 664 161
is_linear=0
shrinkage=0.05


Tree=38
num_leaves=15
num_cat=0
split_feature=5 4 1 8 3 3 1 4 7 1 3 8 5 5
split_gain=0.58121 0.568782 0.317774 0.268593 0.276471 0.231774 0.436882 0.224315 0.26802 0.21632 0.219328 0.737617 0.239131 0.200155
threshold=0.55000000000000016 0.25000000000000006 16.079350000000005 4.2833333333333341 4.8500000000000005 0.35000000000000003 27.379200000000004 1.4500000000000002 0.3814924233629165 27.379200000000004 0.45000000000000007 0.98333333333333361 2.0500000000000003 0.25000000000000006
decision_type=2 2 2 2 2 2 2 2 2 2 2 2 2 2
left_child=1 -1 -2 4 7 13 -7 9 -9 10 11 12 -4 -3
right_child=2 5 3 -5 -6 6 -8 8 -10 -11 -12 -13 -14 -15
leaf_value=5.7513946520837574e-07 -0.0063939308822155002 0.00099251298632596001 -0.00087372722544906938 -0.0038234048988670111 0.0036208983755817541 0.001339044166910674 0.0051897708334795699 0.0048684954450332694 3.5436772272787377e-05 -0.002158006151682503 -5.9555486070207008e-05 -0.0059926550189654034 0.0047313114628195763 -0.0012100286990864655
leaf_weight=5627 25 427 392 67 38 552 85 35 159 278 724 75 20 136
leaf_count=5627 25 427 392 67 38 552 85 35 159 278 724 75 20 136
internal_value=3.07548e-12 0.000211331 -0.000795785 -0.000717511 -0.000596596 0.0011996 0.00185288 -0.000691822 0.00090738 -0.00090018 -0.00061143 -0.00143188 -0.000601638 0.00046046
internal_weight=8640 6827 1813 1788 1721 1200 637 1683 194 1489 1211 487 412 563
internal_count=8640 6827 1813 1788 1721 1200 637 1683 194 1489 1211 487 412 563
is_linear=0
shrinkage=0.05


Tree=39
num_leaves=15
num_cat=0
split_feature=5 4 3 4 0 2 5 7 2 6 8 8 5 5
split_gain=0.538209 0.404552 0.336268 0.34934 0.518874 0.439895 0.218291 0.377697 0.315073 0.347246 0.234492 0.183697 0.183573 0.268159
threshold=1.5500000000000003 1.4500000000000002 0.8500000000000002 1.6500000000000001 60.000000000000007 75.043350000000018 0.25000000000000006 0.1330716345648871 75.043350000000018 1.6500000000000004 2.0833333333333339 1.1500000000000004 1.3500000000000003 0.95000000000000007
decision_type=2 2 2 2 2 2 2 2 2 2 2 2 2 2
left_child=1 6 -3 -4 5 -5 7 -1 9 11 -10 12 13 -8
right_child=-2 2 3 4 -6 -7 8 -9 10 -11 -12 -13 -14 -15
leaf_value=-1.407415554918084e-05 -0.0013677196856417186 0.0004624050974311996 0.0073033566268660673 -0.004337753675338861 0.0060513335809695961 0.0028305156897677451 0.00038920368581322795 0.0010381226115934795 -0.0012393039838343868 0.0046004794256458452 0.0036707448288798329 -0.0044128329179290195 0.0033377409086651393 -0.0019875957179265992
leaf_weight=4679 664 273 41 38 51 49 634 1043 889 43 25 23 42 146
leaf_count=4679 664 273 41 38 51 49 634 1043 889 43 25 23 42 146
internal_value=1.30932e-12 0.000113862 0.00156671 0.00325093 0.00204695 -0.000300453 2.65833e-05 0.000177719 -0.000453327 0.000217429 -0.001105 -5.61406e-06 0.000117702 -5.56844e-05
internal_weight=8640 7976 452 179 138 87 7524 5722 1802 888 914 845 822 780
internal_count=8640 7976 452 179 138 87 7524 5722 1802 888 914 845 822 780
is_linear=0
shrinkage=0.05


Tree=40
num_leaves=15
num_cat=0
split_feature=5 4 3 8 1 5 7 1 8 6 2 0 4 3
split_gain=0.488891 0.364401 0.282222 0.421821 0.382902 0.210897 0.308993 0.217263 0.19643 0.193969 0.171809 0.1934 0.225707 0.36726
threshold=1.7500000000000002 1.4500000000000002 1.1500000000000001 1.2833333333333337 27.379200000000004 0.35000000000000003 0.22586347517122232 16.079350000000005 1.5833333333333335 2.6500000000000008 86.003450000000015 36.000000000000007 0.25000000000000006 1.1500000000000001
decision_type=2 2 2 2 2 2 2 2 2 2 2 2 2 2
left_child=1 5 -3 -4 -5 6 -1 -7 9 -9 -8 12 -12 -14
right_child=-2 2 3 4 -6 7 10 8 -10 -11 11 -13 13 -15
leaf_value=3.5380825078380021e-06 -0.0013943638834337873 0.00065356266137280494 0.0093786596941451243 0.00064845757214757418 0.0078612706097571754 -0.0053225071938789413 0.0015825326881184123 -0.00048598768680714301 0.0020866677051762472 -0.0054439302952960138 -0.0012172940914042113 -0.00065242001777126766 0.00020263638871256264 0.0069972826142770221
leaf_weight=5136 586 322 24 92 23 23 532 1447 74 20 41 240 43 37
leaf_count=5136 586 322 24 92 23 23 532 1447 74 20 41 240 43 37
internal_value=-9.41116e-13 0.000101452 0.00146638 0.00334932 0.00209102 1.85822e-05 0.000152795 -0.00049879 -0.000426794 -0.000553581 0.00101123 0.000169316 0.0017992 0.00334516
internal_weight=8640 8054 461 139 115 7593 6029 1564 1541 1467 893 361 121 80
internal_count=8640 8054 461 139 115 7593 6029 1564 1541 1467 893 361 121 80
is_linear=0
shrinkage=0.05


Tree=41
num_leaves=15
num_cat=0
split_feature=5 4 3 8 1 8 7 8 3 7 7 0 5 3
split_gain=0.447743 0.332102 0.296574 0.376084 0.327781 0.275695 0.264849 0.263273 0.272359 0.488516 0.639679 0.903183 0.229715 0.409752
threshold=2.1500000000000008 1.4500000000000002 1.1500000000000001 1.2833333333333337 27.379200000000004 1.0500000000000003 2.1868244811484345 2.5500000000000007 1.3500000000000003 0.90614662937099755 1.1100540382949655 60.000000000000007 0.25000000000000006 1.0000000180025095e-35
decision_type=2 2 2 2 2 2 2 2 2 2 2 2 2 2
left_child=1 12 -3 -4 -5 -2 7 8 9 -7 -11 -12 -1 -14
right_child=5 2 3 4 -6 6 -8 -9 -10 10 11 -13 13 -15
leaf_value=0.00016180405337410482 -0.0052689717029747764 0.00050931535706262197 0.0089097266783937819 0.00084206414803002889 0.0071187508507416803 -0.006328210695868447 -0.0031465744709988177 0.0049898956690660936 -0.0029055110378645955 0.0094179238476183105 -0.0033790684320399024 0.0073389685102577878 -0.0023794579392654031 -0.0001945606320805382
leaf_weight=5722 46 336 24 104 26 21 114 22 88 23 61 29 244 1780
leaf_count=5722 46 336 24 104 26 21 114 22 88 23 61 29 244 1780
internal_value=7.60775e-13 7.97186e-05 0.00134209 0.00315906 0.0020974 -0.00162516 -0.00115696 -0.000227379 -0.000744406 0.000674826 0.00197628 7.45212e-05 -1.37215e-07 -0.000457957
internal_weight=8640 8236 490 154 130 404 358 244 222 134 113 90 7746 2024
internal_count=8640 8236 490 154 130 404 358 244 222 134 113 90 7746 2024
is_linear=0
shrinkage=0.05


Tree=42
num_leaves=15
num_cat=0
split_feature=5 8 5 2 6 3 7 3 2 5 4 4 5 3
split_gain=0.40835 0.439074 0.188648 0.386988 0.329957 0.166473 0.161608 0.204258 0.259431 0.161396 0.173595 0.166437 0.254393 0.261866
threshold=1.1500000000000001 1.1500000000000004 0.25000000000000006 75.043350000000018 0.20000000000000015 1.0000000180025095e-35 1.1185237245927746 4.9500000000000011 86.003450000000015 0.15000000000000005 2.6500000000000008 0.25000000000000006 0.65000000000000002 1.6500000000000001
decision_type=2 2 2 2 2 2 2 2 2 2 2 2 2 2
left_child=1 2 4 -4 -1 -5 -3 9 -9 10 -8 -11 13 -13
right_child=-2 6 3 5 -6 -7 7 8 -10 11 -12 12 -14 -15
leaf_value=-2.9671673731630643e-05 -0.00097452814294822672 0.0030435081767093723 0.00028476199392632836 -0.0026072057765490447 0.00091103229657177223 -0.00086247047406933528 -0.00033697725035423455 0.0079272152977699246 0.00054981442517600956 -0.0034792217635549608 0.0040592214548365868 0.0030574947828426961 0.0044576578946025286 -0.0037045303550435277
leaf_weight=4601 956 146 798 186 1169 516 43 22 26 40 47 22 27 41
leaf_count=4601 956 146 798 186 1169 516 43 22 26 40 47 22 27 41
internal_value=4.23437e-12 0.000121245 3.10512e-05 -0.00046849 0.000160915 -0.00132475 0.00170509 0.000975949 0.00393112 0.000331184 0.00195882 -0.000795638 0.000397066 -0.00134319
internal_weight=8640 7684 7270 1500 5770 702 414 268 48 220 90 130 90 63
internal_count=8640 7684 7270 1500 5770 702 414 268 48 220 90 130 90 63
is_linear=0
shrinkage=0.05


Tree=43
num_leaves=15
num_cat=0
split_feature=5 3 4 1 5 3 8 4 7 8 3 7 6 0
split_gain=0.378984 0.303345 0.383097 0.442184 0.272636 0.284871 0.248815 0.242445 0.239026 0.237604 0.245804 0.440885 0.586794 0.722436
threshold=2.1500000000000008 0.55000000000000016 0.8500000000000002 27.379200000000004 0.25000000000000006 1.0000000180025095e-35 1.0500000000000003 1.7500000000000002 2.1868244811484345 2.5500000000000007 1.3500000000000003 0.90614662937099755 2.5500000000000003 60.000000000000007
decision_type=2 2 2 2 2 2 2 2 2 2 2 2 2 2
left_child=1 4 -3 7 -1 -6 -2 -4 9 10 11 -8 -13 -14
right_child=6 2 3 -5 5 -7 8 -9 -10 -11 -12 12 13 -15
leaf_value=7.2074498672807571e-05 -0.0049567966357521387 0.00017532432770014645 0.0020334417660406771 0.0058013785569394228 -0.0022223301808139257 -0.00035751726085145801 -0.0059630738482588817 -0.00047227236402066922 -0.0029405193505481933 0.0047891271385279571 -0.0027115090570904699 0.0088646494240189593 -0.003238234784582566 0.0062169456554035992
leaf_weight=5305 46 1203 316 61 261 951 21 139 114 22 88 24 58 31
leaf_count=5305 46 1203 316 61 261 951 21 139 114 22 88 24 58 31
internal_value=3.30433e-13 7.33425e-05 0.000664177 0.00180389 -8.2503e-05 -0.000759098 -0.00149517 0.00126796 -0.00105038 -0.000167284 -0.00065846 0.000689811 0.00192619 5.51427e-05
internal_weight=8640 8236 1719 516 6517 1212 404 455 358 244 222 134 113 89
internal_count=8640 8236 1719 516 6517 1212 404 455 358 244 222 134 113 89
is_linear=0
shrinkage=0.05


Tree=44
num_leaves=15
num_cat=0
split_feature=5 3 1 1 4 5 6 8 0 5 5 1 7 4
split_gain=0.345231 0.374106 0.234877 0.232974 0.29182 0.201466 0.173115 0.226971 0.336796 0.248879 0.212844 0.254696 0.24258 0.208246
threshold=0.65000000000000002 0.25000000000000006 16.079350000000005 27.379200000000004 1.0500000000000003 0.15000000000000005 9.9000000000000004 2.6166666666666671 36.000000000000007 3.7500000000000004 3.2500000000000004 27.379200000000004 0.75645050585752693 0.75000000000000011
decision_type=2 2 2 2 2 2 2 2 2 2 2 2 2 2
left_child=1 5 -2 -3 -5 -1 7 9 -9 10 11 -4 13 -13
right_child=2 3 6 4 -6 -7 -8 8 -10 -11 -12 12 -14 -15
leaf_value=4.6132580961076255e-05 -0.0057890174063769256 0.00053896474814006006 -0.00024636773971699441 0.0012798253516992991 0.0052782691019619341 -0.00097818470307999071 -0.0030749983036084411 0.0064037962784541068 -0.00021480294434647813 -0.0036028325175449477 0.0033117883631752598 -0.0014635951956734061 -0.0039210444656200714 0.0039907125919125975
leaf_weight=4750 22 1464 1082 214 58 534 67 29 57 67 36 140 100 20
leaf_count=4750 22 1464 1082 214 58 534 67 29 57 67 36 140 100 20
internal_value=-7.58423e-13 0.00015183 -0.000657929 0.000788633 0.00213243 -5.73847e-05 -0.000587289 -0.000478421 0.00201705 -0.00062694 -0.000482249 -0.000584026 -0.00198921 -0.000781807
internal_weight=8640 7020 1620 1736 272 5284 1598 1531 86 1445 1378 1342 260 160
internal_count=8640 7020 1620 1736 272 5284 1598 1531 86 1445 1378 1342 260 160
is_linear=0
shrinkage=0.05


Tree=45
num_leaves=15
num_cat=0
split_feature=5 3 8 2 7 4 3 3 8 6 0 8 3 0
split_gain=0.319743 0.263706 0.220926 0.313915 0.220249 0.207923 0.205332 0.367829 0.247787 0.237134 0.302026 0.193114 0.25496 0.338824
threshold=2.1500000000000008 6.3500000000000005 1.0833333333333337 86.003450000000015 2.1868244811484345 1.4500000000000002 3.5500000000000003 1.1500000000000001 1.2833333333333337 2.5500000000000003 60.000000000000007 2.5500000000000007 1.3500000000000003 60.000000000000007
decision_type=2 2 2 2 2 2 2 2 2 2 2 2 2 2
left_child=1 5 3 -2 11 -1 7 -7 -9 10 -10 12 13 -4
right_child=2 -3 4 -5 -6 6 -8 8 9 -11 -12 -13 -14 -15
leaf_value=-1.5230400745286078e-05 -0.00067594065491495461 0.0041690925494409529 -0.00079871724524042194 -0.0081677897108925722 -0.0027064694440923631 0.00041390599747371328 -0.0036662669344381853 0.0081527891607644665 -0.0022074729767873101 0.0054467971578649275 0.0050519389262341941 0.0044325378913940353 -0.0025473460968483286 0.0048302160241664987
leaf_weight=7713 29 39 85 27 114 336 22 24 38 41 23 22 88 39
leaf_count=7713 29 39 85 27 114 336 22 24 38 41 23 22 88 39
internal_value=4.04647e-12 6.73668e-05 -0.00137335 -0.00428808 -0.000904312 4.78515e-05 0.00105312 0.00127785 0.00358172 0.00250617 0.000529682 -2.63383e-05 -0.000489052 0.000971673
internal_weight=8640 8236 404 56 348 8197 484 462 126 102 61 234 212 124
internal_count=8640 8236 404 56 348 8197 484 462 126 102 61 234 212 124
is_linear=0
shrinkage=0.05


Tree=46
num_leaves=15
num_cat=0
split_feature=5 4 1 1 3 1 3 8 3 8 8 8 3 0
split_gain=0.302746 0.359976 0.233545 0.17506 0.204853 0.196374 0.234294 0.172737 0.217602 0.179898 0.268802 0.216948 0.281793 0.181424
threshold=0.55000000000000016 0.25000000000000006 16.079350000000005 16.079350000000005 0.15000000000000005 27.379200000000004 0.25000000000000006 4.2833333333333341 2.0500000000000003 2.6500000000000004 2.1500000000000004 1.5833333333333335 2.5500000000000003 36.000000000000007
decision_type=2 2 2 2 2 2 2 2 2 2 2 2 2 2
left_child=1 -1 -2 4 -3 -5 -7 8 -4 10 11 12 -10 -13
right_child=2 3 7 5 -6 6 -8 -9 9 -11 -12 13 -14 -15
leaf_value=-1.5142161982667681e-05 -0.0053735561668872833 0.0018082902131637537 -0.00064637020247063299 0.00044111510072579691 0.0074730381555855284 0.0006090558855794371 0.0040283482237060998 -0.0029980001422062297 0.0013872959934992761 0.0034078847355487052 -0.0035614955505910702 0.00010976751273985777 -0.005434430635068566 0.0044569908766009447
leaf_weight=5627 25 79 1463 899 20 110 92 67 41 57 38 42 24 56
leaf_count=5627 25 79 1463 899 20 110 92 67 41 57 38 42 24 56
internal_value=9.52338e-13 0.000152523 -0.000574339 0.000938735 0.00295268 0.000757645 0.00216636 -0.000507236 -0.000410269 0.000928555 0.000225461 0.00110831 -0.0011315 0.0025939
internal_weight=8640 6827 1813 1200 99 1101 202 1788 1721 258 201 163 65 98
internal_count=8640 6827 1813 1200 99 1101 202 1788 1721 258 201 163 65 98
is_linear=0
shrinkage=0.05


Tree=47
num_leaves=15
num_cat=0
split_feature=5 3 4 1 5 1 5 3 0 7 4 4 0 4
split_gain=0.278073 0.237139 0.336774 0.297976 0.273268 0.25704 0.177764 0.218068 0.172541 0.35615 0.168279 0.198106 0.253075 0.175404
threshold=1.7500000000000002 0.55000000000000016 0.35000000000000003 22.610250000000004 1.0000000180025095e-35 27.379200000000004 0.15000000000000005 1.0000000180025095e-35 60.000000000000007 0.49777156621411855 1.7500000000000002 1.4500000000000002 36.000000000000007 1.3500000000000003
decision_type=2 2 2 2 2 2 2 2 2 2 2 2 2 2
left_child=1 6 3 -3 -5 10 -1 8 -8 -10 11 13 -13 -4
right_child=-2 2 5 4 -6 -7 7 -9 9 -11 -12 12 -14 -15
leaf_value=7.9604444349670481e-05 -0.0010515969866746082 0.00094857001405065011 0.0013087589580472962 0.00091069178340241199 -0.0017575116318813155 0.0039650395996046854 -0.0025373669361163464 -0.00023125546463978941 -0.0015909620643713065 0.0059627922129584475 -0.0005929479630140122 0.00043956231015423932 0.0065146602736786009 -0.0026366340066306293
leaf_weight=5037 586 384 462 138 315 85 210 1105 71 20 127 30 40 30
leaf_count=5037 586 384 462 138 315 85 210 1105 71 20 127 30 40 30
internal_value=6.33341e-13 7.6513e-05 0.000619091 -7.6093e-05 -0.000944681 0.00137086 -5.91524e-05 -0.00055625 -0.00174933 6.92037e-05 0.00105082 0.00142228 0.00391105 0.00106819
internal_weight=8640 8054 1611 837 453 774 6443 1406 301 91 689 562 70 492
internal_count=8640 8054 1611 837 453 774 6443 1406 301 91 689 562 70 492
is_linear=0
shrinkage=0.05


Tree=48
num_leaves=15
num_cat=0
split_feature=5 8 5 2 7 2 5 2 4 8 3 3 0 8
split_gain=0.25651 0.312092 0.13863 0.294779 0.247886 0.185132 0.254293 0.168816 0.170751 0.14662 0.138132 0.137994 0.247855 0.137552
threshold=1.1500000000000001 1.1500000000000004 0.25000000000000006 75.043350000000018 0.1330716345648871 75.043350000000018 1.0000000180025095e-35 86.003450000000015 0.35000000000000003 0.4166666666666668 0.45000000000000007 1.1500000000000001 36.000000000000007 4.4500000000000011
decision_type=2 2 2 2 2 2 2 2 2 2 2 2 2 2
left_child=1 2 4 -4 -1 6 10 -7 9 -9 -6 -10 -13 -3
right_child=-2 13 3 -5 5 7 -8 8 11 -11 -12 12 -14 -15
leaf_value=-2.6872552739406338e-05 -0.00077237825895836874 0.0016367502203627803 0.00024924161998957122 -0.0011554914991597862 -0.0012106165096799776 0.0017444174312383908 0.00068323761839848938 0.00041782161836040978 0.00057281988006921923 -0.0027703647336994228 -0.005816338730855259 0.007308416619249013 0.00011631721258163454 -0.0026137489848770202
leaf_weight=4679 956 394 798 702 41 491 141 81 197 65 27 23 25 20
leaf_count=4679 956 394 798 702 41 491 141 81 197 65 27 23 25 20
internal_value=1.18807e-12 9.6095e-05 2.00535e-05 -0.000408173 0.000131378 0.00081007 -0.000527942 0.00112713 0.000351961 -0.00100158 -0.00303936 0.00115856 0.00356253 0.00143141
internal_weight=8640 7684 7270 1500 5770 1091 209 882 391 146 68 245 48 414
internal_count=8640 7684 7270 1500 5770 1091 209 882 391 146 68 245 48 414
is_linear=0
shrinkage=0.05


Tree=49
num_leaves=15
num_cat=0
split_feature=5 3 8 8 3 4 1 5 1 6 3 5 7 4
split_gain=0.236673 0.222693 0.201979 0.183176 0.158178 0.235874 0.260145 0.252504 0.239002 0.299372 0.309173 0.275302 0.275762 0.239205
threshold=2.1500000000000008 6.3500000000000005 1.0500000000000003 1.1500000000000004 0.55000000000000016 0.35000000000000003 22.610250000000004 1.0000000180025095e-35 27.379200000000004 3.9500000000000006 3.8500000000000001 1.0000000180025095e-35 1.3920406390161799 1.7500000000000002
decision_type=2 2 2 2 2 2 2 2 2 2 2 2 2 2
left_child=1 4 -2 -4 -1 6 -6 -8 9 11 -11 -7 13 -13
right_child=2 -3 3 -5 5 8 7 -9 -10 10 -12 12 -14 -15
leaf_value=-7.1493096322828214e-05 -0.0043004129891810209 0.0038272544192389036 0.0031019511233483042 -0.0011102582017466292 0.00083863347239871886 0.0039912183323061803 0.00094054537075054321 -0.0016164322266470886 0.0036160303351824132 0.00098973691667197288 -0.0078019178844988355 0.00094191066852475239 0.0064742932468652738 -0.0018222906291284549
leaf_weight=6517 46 39 28 330 404 71 135 339 84 20 20 494 20 93
leaf_count=6517 46 39 28 330 404 71 135 339 84 20 20 494 20 93
internal_value=1.30629e-13 5.79589e-05 -0.00118156 -0.000780812 4.00252e-05 0.000472623 -9.36093e-05 -0.000888179 0.00109251 0.000797284 -0.00340609 0.00104527 0.000700687 0.000503971
internal_weight=8640 8236 404 358 8197 1680 878 474 802 718 40 678 607 587
internal_count=8640 8236 404 358 8197 1680 878 474 802 718 40 678 607 587
is_linear=0
shrinkage=0.05


Tree=50
num_leaves=15
num_cat=0
split_feature=5 4 3 1 3 8 3 0 5 7 4 8 8 7
split_gain=0.226289 0.351842 0.360308 0.265054 0.213059 0.206362 0.225329 0.20356 0.196602 0.187107 0.179349 0.263245 0.262934 0.224141
threshold=0.35000000000000003 2.4500000000000006 1.1500000000000001 16.079350000000005 1.0000000180025095e-35 4.2833333333333341 2.0500000000000003 60.000000000000007 1.6500000000000001 0.44087031600079618 0.35000000000000003 2.0500000000000007 2.7333333333333338 2.1550750527222404
decision_type=2 2 2 2 2 2 2 2 2 2 2 2 2 2
left_child=1 -1 -3 -2 7 6 -6 -5 9 -9 13 -12 -13 -8
right_child=3 2 -4 4 5 -7 10 8 -10 -11 11 12 -14 -15
leaf_value=0.00011222193562801764 -0.0050865619288136569 0.001179102493915707 0.0080993913821186172 -0.0030046785539250636 -0.00032743154011830782 -0.0028112527721382884 -0.0011044418818112148 -0.00027497248867383372 -0.0031764841860070104 0.0056733441213145854 0.0042578642980997871 -0.0026602959409594922 0.0033553572398993901 0.0035570050392187006
leaf_weight=6185 30 62 27 139 1727 73 118 39 31 20 83 39 34 33
leaf_count=6185 30 62 27 139 1727 73 118 39 31 20 83 39 34 33
internal_value=6.75068e-13 0.000157137 0.00327852 -0.000416687 -0.000356714 -0.000199291 -0.000105548 -0.00180515 4.74661e-05 0.00174141 0.00114264 0.00233162 0.000141515 -8.57151e-05
internal_weight=8640 6274 89 2366 2336 2107 2034 229 90 59 307 156 73 151
internal_count=8640 6274 89 2366 2336 2107 2034 229 90 59 307 156 73 151
is_linear=0
shrinkage=0.05


Tree=51
num_leaves=15
num_cat=0
split_feature=4 5 1 4 0 2 2 3 3 5 8 8 3 4
split_gain=0.208305 0.258213 0.218136 0.18752 0.225357 0.316541 0.214055 0.185409 0.18139 0.175602 0.192998 0.258936 0.172577 0.168548
threshold=1.4500000000000002 0.35000000000000003 16.079350000000005 1.6500000000000001 60.000000000000007 86.003450000000015 78.923900000000017 1.2500000000000002 0.25000000000000006 3.7500000000000004 1.3833333333333335 1.4500000000000004 1.5500000000000003 1.0500000000000003
decision_type=2 2 2 2 2 2 2 2 2 2 2 2 2 2
left_child=1 8 -3 -2 6 7 -5 -6 -1 10 -4 -12 -7 -10
right_child=3 2 9 4 5 12 -8 -9 13 -11 11 -13 -14 -15
leaf_value=-2.6630133825780001e-05 0.0029238053961307743 -0.004853183008601953 -0.00054278313960752457 -0.0018148412246342849 0.0023672465414095387 0.0010108737698332831 0.00094471044421208484 0.0071192814564953249 0.00051243515118920373 -0.0022213354477357557 0.0061839595695759768 0.00046169896848881857 -0.0043172846836525766 0.0028980247455183419
leaf_weight=4955 98 29 1678 133 65 55 149 30 994 136 22 195 21 80
leaf_count=4955 98 29 1678 133 65 55 149 30 994 136 22 195 21 80
internal_value=3.44936e-12 -6.40753e-05 -0.000547357 0.000940663 0.000511639 0.00194377 -0.00035678 0.00386789 0.000101053 -0.000485876 -0.000361325 0.00104184 -0.000461381 0.000690133
internal_weight=8640 8089 2060 551 453 171 282 95 6029 2031 1895 217 76 1074
internal_count=8640 8089 2060 551 453 171 282 95 6029 2031 1895 217 76 1074
is_linear=0
shrinkage=0.05


Tree=52
num_leaves=15
num_cat=0
split_feature=5 3 4 2 5 3 7 5 1 4 0 3 7 4
split_gain=0.191799 0.237309 0.282395 0.189988 0.144691 0.245781 0.140208 0.193209 0.138447 0.185724 0.230946 0.335906 0.255777 0.343481
threshold=1.1500000000000001 0.55000000000000016 0.65000000000000002 86.003450000000015 0.15000000000000005 1.0000000180025095e-35 1.9985943713417356 0.45000000000000007 27.379200000000004 1.6500000000000001 60.000000000000007 1.3500000000000003 0.57637996218446708 1.1500000000000001
decision_type=2 2 2 2 2 2 2 2 2 2 2 2 2 2
left_child=1 4 3 6 -1 -6 7 -3 9 10 12 -12 -4 -14
right_child=-2 2 8 -5 5 -7 -8 -9 -10 -11 11 -13 13 -15
leaf_value=6.7477548962699521e-05 -0.00066788439898837889 0.0012064956953126271 0.0017461658591684467 -0.00081743431976766343 -0.0019003990903127426 -0.00016726483024899079 0.0044192900987885279 -0.00071077694366799627 0.0039262004515254181 -0.00025999318139585561 0.0023682920974405375 -0.0039398590853023862 0.0088082395028322939 0.0015809014679924135
leaf_weight=5037 956 366 170 332 261 946 24 205 57 133 51 36 35 31
leaf_count=5037 956 366 170 332 261 946 24 205 57 133 51 36 35 31
internal_value=-2.01146e-12 8.30944e-05 0.000661701 0.000140823 -5.03447e-05 -0.000542035 0.000675514 0.000518158 0.00160294 0.00131253 0.00196004 -0.000241977 0.0027718 0.00541358
internal_weight=8640 7684 1440 927 6244 1207 595 571 513 456 323 87 236 66
internal_count=8640 7684 1440 927 6244 1207 595 571 513 456 323 87 236 66
is_linear=0
shrinkage=0.05


end of trees

feature_importances:
Column_5=183
Column_3=155
Column_4=91
Column_8=80
Column_1=72
Column_7=64
Column_2=48
Column_6=30
Column_0=19

parameters:
[boosting: gbdt]
[objective: regression]
[metric: l2]
[tree_learner: serial]
[device_type: cpu]
[data_sample_strategy: bagging]
[data: ]
[valid: ]
[num_iterations: 100]
[learning_rate: 0.05]
[num_leaves: 15]
[num_threads: 0]
[seed: 42]
[deterministic: 0]
[force_col_wise: 0]
[force_row_wise: 0]
[histogram_pool_size: -1]
[max_depth: -1]
[min_data_in_leaf: 20]
[min_sum_hessian_in_leaf: 0.001]
[bagging_fraction: 1]
[pos_bagging_fraction: 1]
[neg_bagging_fraction: 1]
[bagging_freq: 0]
[bagging_seed: 400]
[bagging_by_query: 0]
[feature_fraction: 1]
[feature_fraction_bynode: 1]
[feature_fraction_seed: 30056]
[extra_trees: 0]
[extra_seed: 12879]
[early_stopping_round: 0]
[early_stopping_min_delta: 0]
[first_metric_only: 0]
[max_delta_step: 0]
[lambda_l1: 0]
[lambda_l2: 0]
[linear_lambda: 0]
[min_gain_to_split: 0]
[drop_rate: 0.1]
[max_drop: 50]
[skip_drop: 0.5]
[xgboost_dart_mode: 0]
[uniform_drop: 0]
[drop_seed: 17869]
[top_rate: 0.2]
[other_rate: 0.1]
[min_data_per_group: 100]
[max_cat_threshold: 32]
[cat_l2: 10]
[cat_smooth: 10]
[max_cat_to_onehot: 4]
[top_k: 20]
[monotone_constraints: ]
[monotone_constraints_method: basic]
[monotone_penalty: 0]
[feature_contri: ]
[forcedsplits_filename: ]
[refit_decay_rate: 0.9]
[cegb_tradeoff: 1]
[cegb_penalty_split: 0]
[cegb_penalty_feature_lazy: ]
[cegb_penalty_feature_coupled: ]
[path_smooth: 0]
[interaction_constraints: ]
[verbosity: -1]
[saved_feature_importance_type: 0]
[use_quantized_grad: 0]
[num_grad_quant_bins: 4]
[quant_train_renew_leaf: 0]
[stochastic_rounding: 1]
[linear_tree: 0]
[max_bin: 255]
[max_bin_by_feature: ]
[min_data_in_bin: 3]
[bin_construct_sample_cnt: 200000]
[data_random_seed: 175]
[is_enable_sparse: 1]
[enable_bundle: 1]
[use_missing: 1]
[zero_as_missing: 0]
[feature_pre_filter: 1]
[pre_partition: 0]
[two_round: 0]
[header: 0]
[label_column: ]
[weight_column: ]
[group_column: ]
[ignore_column: ]
[categorical_feature: ]
[forcedbins_filename: ]
[precise_float_parser: 0]
[parser_config_file: ]
[objective_seed: 16083]
[num_class: 1]
[is_unbalance: 0]
[scale_pos_weight: 1]
[sigmoid: 1]
[boost_from_average: 1]
[reg_sqrt: 0]
[alpha: 0.9]
[fair_c: 1]
[poisson_max_delta_step: 0.7]
[tweedie_variance_power: 1.5]
[lambdarank_truncation_level: 30]
[lambdarank_norm: 1]
[label_gain: ]
[lambdarank_position_bias_regularization: 0]
[eval_at: ]
[multi_error_top_k: 1]
[auc_mu_weights: ]
[num_machines: 1]
[local_listen_port: 12400]
[time_out: 120]
[machine_list_filename: ]
[machines: ]
[gpu_platform_id: -1]
[gpu_device_id: -1]
[gpu_device_id_list: ]
[gpu_use_dp: 0]
[num_gpu: 1]

end of parameters

pandas_categorical:null
