tree
version=v4
num_class=1
num_tree_per_iteration=1
label_index=0
max_feature_idx=8
objective=regression
feature_names=Column_0 Column_1 Column_2 Column_3 Column_4 Column_5 Column_6 Column_7 Column_8
feature_infos=[24:72] [13.082700000000001:34.1526] [72.877700000000004:91.736199999999997] [5:45.200000000000003] [11.300000000000001:48] [6:46.5] [0:18.099999999999998] [0:7.4127517757502766] [8.2999999999999989:46.199999999999996]
tree_sizes=1401 1460 1474 1455 1461 1481 1479 1470 1474 1463 1461 1478 1472 1480 1476 1476 1473 1453 1462 1484 1458 1485 1464 1463 1468 1468 1475 1500 1466 1472 1448 1479

Tree=0
num_leaves=15
num_cat=0
split_feature=7 5 1 4 5 5 1 4 8 5 4 4 3 3
split_gain=30.0749 17.2464 15.2874 7.82364 7.761 5.93212 4.66438 3.43622 3.43119 3.15434 5.25673 5.23222 3.11614 2.89886
threshold=1.0708252269472676 15.050000000000002 27.379200000000004 27.550000000000004 39.250000000000007 30.850000000000005 16.079350000000005 37.050000000000004 16.150000000000002 26.950000000000003 23.750000000000004 33.550000000000004 27.950000000000003 26.750000000000004
decision_type=2 2 2 2 2 2 2 2 2 2 2 2 2 2
left_child=3 -2 5 -1 8 6 12 -7 -4 10 -10 -11 -3 -8
right_child=1 2 4 -5 -6 7 13 -9 9 11 -12 -13 -14 -15
leaf_value=0.34107973469584113 0.34355253702962696 0.35700127011096167 0.34324379661568233 0.34625721228354767 0.34027302624299022 0.34265985412924743 0.34577807288073986 0.35187877871605927 0.35514347753727804 0.34863182194126496 0.36319983293017832 0.35607224051655006 0.34788189774011546 0.35061386331153965
leaf_weight=1105 750 357 57 2148 89 467 482 129 591 330 308 832 127 868
leaf_count=1105 750 357 57 2148 89 467 482 129 591 330 308 832 127 868
internal_value=0.348295 0.350587 0.351725 0.344498 0.354737 0.348989 0.350397 0.344655 0.355345 0.35568 0.357904 0.353959 0.354608 0.348887
internal_weight=8640 5387 4637 3253 2207 2430 1834 596 2118 2061 899 1162 484 1350
internal_count=8640 5387 4637 3253 2207 2430 1834 596 2118 2061 899 1162 484 1350
is_linear=0
shrinkage=1


Tree=1
num_leaves=15
num_cat=0
split_feature=7 5 1 2 5 5 3 1 5 8 5 4 4 6
split_gain=27.3373 17.6905 12.5782 6.99045 6.20615 5.94078 4.49207 4.06029 3.0823 2.89616 2.74281 4.74476 3.8412 2.86415
threshold=1.2251983127241346 15.550000000000002 27.379200000000004 86.003450000000015 39.250000000000007 30.050000000000004 26.750000000000004 16.079350000000005 40.350000000000001 15.933333333333335 26.950000000000003 23.750000000000004 33.550000000000004 13.65
decision_type=2 2 2 2 2 2 2 2 2 2 2 2 2 2
left_child=3 -2 5 8 9 7 -5 -3 -1 -4 11 -11 -12 -14
right_child=1 2 4 6 -6 -7 -8 -9 -10 10 12 -13 13 -15
leaf_value=-0.0010977129410920019 -0.0042577171467212413 0.0080838827461157167 -0.0093762953846285562 -0.0086978539153555225 -0.0072710788845048325 -0.0027926300004993323 -0.0030274556653653428 0.0014306818564115387 -0.008838847503819339 0.0067757076084223426 0.00078053507198822284 0.014673228491557059 0.0083926010817146467 -0.0025449911304391351
leaf_weight=2360 795 303 26 717 77 669 681 943 136 532 284 296 756 65
leaf_count=2360 795 303 26 717 77 669 681 943 136 532 284 296 756 65
internal_value=-2.59736e-11 0.00254757 0.00391689 -0.00310497 0.00665292 0.00100798 -0.00593566 0.0030486 -0.00151951 0.00720022 0.00742318 0.00959898 0.00579281 0.00752665
internal_weight=8640 4746 3951 3894 2036 1915 1398 1246 2496 1959 1933 828 1105 821
internal_count=8640 4746 3951 3894 2036 1915 1398 1246 2496 1959 1933 828 1105 821
is_linear=0
shrinkage=0.05


Tree=2
num_leaves=15
num_cat=0
split_feature=7 5 1 2 5 5 3 1 4 4 5 5 4 5
split_gain=24.6719 16.0214 10.7871 6.30888 5.4536 5.39549 4.05409 3.94346 3.24873 3.09633 2.78178 2.55573 4.18414 3.65438
threshold=1.2251983127241346 15.050000000000002 27.379200000000004 86.003450000000015 39.250000000000007 31.050000000000004 26.750000000000004 16.079350000000005 35.850000000000001 19.050000000000004 40.350000000000001 26.950000000000003 23.750000000000004 32.150000000000013
decision_type=2 2 2 2 2 2 2 2 2 2 2 2 2 2
left_child=3 -2 5 10 9 7 -5 -3 -7 -4 -1 12 -11 -13
right_child=1 2 4 6 -6 8 -8 -9 -10 11 -12 13 -14 -15
leaf_value=-0.0010428273209877031 -0.0043390150292229061 0.0068297794381405562 -0.0024666404558261962 -0.0082629609597670555 -0.0069075249283659188 -0.006461655665475588 -0.0028760827860048604 0.00091374238172157963 0.0019116055005643931 0.0065030714277469542 -0.008396905173739309 0.0037759336940697604 0.01393956686870051 0.010289909324239285
leaf_weight=2360 740 389 89 717 77 325 681 1021 180 524 136 812 296 293
leaf_count=2360 740 389 89 717 77 325 681 1021 180 524 136 812 296 293
internal_value=4.35878e-11 0.00242019 0.00366877 -0.00294972 0.00615175 0.00095758 -0.00563888 0.0025459 -0.00347713 0.00665104 -0.00144353 0.00707258 0.00918746 0.00550317
internal_weight=8640 4746 4006 3894 2091 1915 1398 1410 505 2014 2496 1925 820 1105
internal_count=8640 4746 4006 3894 2091 1915 1398 1410 505 2014 2496 1925 820 1105
is_linear=0
shrinkage=0.05


Tree=3
num_leaves=15
num_cat=0
split_feature=7 5 1 5 4 5 1 3 8 5 4 4 6 4
split_gain=22.4235 12.8144 11.7844 5.89656 5.88805 4.61296 3.41925 3.29212 2.40117 2.7374 4.11265 3.41353 2.48118 2.26367
threshold=1.0708252269472676 15.550000000000002 27.379200000000004 39.250000000000007 27.550000000000004 30.050000000000004 16.079350000000005 26.750000000000004 15.933333333333335 26.950000000000003 33.550000000000004 23.750000000000004 13.65 37.050000000000004
decision_type=2 2 2 2 2 2 2 2 2 2 2 2 2 2
left_child=4 -2 5 8 -1 6 -3 -8 -4 11 -11 -10 -12 -7
right_child=1 2 3 -5 -6 13 7 -9 9 10 12 -13 -14 -15
leaf_value=-0.0062437582188151564 -0.0038259185449938324 0.0061881955148523574 -0.0088531464203977246 -0.00689950513155095 -0.0017521728801870983 -0.0038059634417047686 -0.0024142946143828081 0.0028303837992666413 0.0062440832340982522 0.00012631317886354571 0.0075177071813984295 0.01278917095833685 -0.0026566456111434562 0.0034552975471109845
leaf_weight=1105 808 391 26 89 2148 639 482 789 564 330 767 308 65 129
leaf_count=1105 808 391 26 89 2148 639 482 789 564 330 767 308 65 129
internal_value=3.11725e-11 0.0019794 0.00300379 0.00570106 -0.0032779 0.000618432 0.00209932 0.00084145 0.00624545 0.00643845 0.00484947 0.00855588 0.00672284 -0.0025863
internal_weight=8640 5387 4579 2149 3253 2430 1662 1271 2060 2034 1162 872 832 768
internal_count=8640 5387 4579 2149 3253 2430 1662 1271 2060 2034 1162 872 832 768
is_linear=0
shrinkage=0.05


Tree=4
num_leaves=15
num_cat=0
split_feature=7 5 1 2 5 5 3 1 5 6 4 5 4 0
split_gain=20.3054 13.2382 9.21418 5.29374 4.76784 4.54786 3.49463 2.71543 2.53092 2.09794 2.1926 2.00129 3.80673 3.45283
threshold=1.228368384845886 15.750000000000002 27.379200000000004 86.003450000000015 30.050000000000004 38.850000000000001 26.750000000000004 16.079350000000005 40.350000000000001 13.65 19.250000000000004 26.950000000000003 33.550000000000004 60.000000000000007
decision_type=2 2 2 2 2 2 2 2 2 2 2 2 2 2
left_child=3 -2 4 8 7 9 -5 -3 -1 10 -4 13 -13 -12
right_child=1 2 5 6 -6 -7 -8 -9 -10 -11 11 12 -14 -15
leaf_value=-0.00090613552036880379 -0.0035582347972828599 0.0069074894056345027 -0.002405178214494999 -0.0075501238597076997 -0.0025022464519849244 -0.0054479958083437285 -0.0025599422907149026 0.0014266426582151914 -0.007893023038166469 -0.0025238133423352762 0.01132895521827057 0.00052892247539213194 0.0073710424803191737 0.0042669047988327397
leaf_weight=2404 818 300 65 717 659 86 687 916 137 65 499 280 742 265
leaf_count=2404 818 300 65 717 659 86 687 916 137 65 499 280 742 265
internal_value=7.02035e-12 0.0022219 0.00344144 -0.00264431 0.000922705 0.00580039 -0.00510835 0.00277883 -0.00128284 0.00630527 0.00661532 0.00694361 0.00549649 0.00887942
internal_weight=8640 4695 3877 3945 1875 2002 1404 1216 2541 1916 1851 1786 1022 764
internal_count=8640 4695 3877 3945 1875 2002 1404 1216 2541 1916 1851 1786 1022 764
is_linear=0
shrinkage=0.05


Tree=5
num_leaves=15
num_cat=0
split_feature=7 5 1 4 5 5 1 4 3 3 4 5 3 5
split_gain=18.4001 10.5631 9.13457 4.85931 4.72028 3.92666 3.09591 2.75891 2.49305 2.29825 2.28513 1.83753 2.07489 1.78125
threshold=1.0708252269472676 15.050000000000002 27.379200000000004 27.250000000000004 39.250000000000007 31.050000000000004 16.079350000000005 37.050000000000004 27.950000000000003 26.750000000000004 17.450000000000003 26.150000000000002 26.650000000000002 42.050000000000004
decision_type=2 2 2 2 2 2 2 2 2 2 2 2 2 2
left_child=3 -2 5 11 10 6 8 -7 -3 -8 -4 -1 -13 -5
right_child=1 2 4 13 -6 7 9 -9 -10 -11 -12 12 -14 -15
leaf_value=-0.0022995288766987838 -0.0037122343441908013 0.0072105326916978053 -0.009854600421385841 -0.001343566455898712 -0.0062681983026225928 -0.0049041661906323395 -0.0023165601820173422 0.0033983651350086284 -0.00085873314824241865 0.0019787306419171229 0.0056619326267359762 -0.0092428128280573427 -0.0038958079899825146 -0.0080455779437705564
leaf_weight=273 750 363 24 2122 89 446 482 129 130 880 2094 450 304 104
leaf_count=273 750 363 24 2122 89 446 482 129 130 880 2094 450 304 104
internal_value=2.18832e-11 0.00179305 0.00268349 -0.00296931 0.0050121 0.000568568 0.0016876 -0.00304151 0.00508273 0.000458664 0.00548611 -0.00581437 -0.00708699 -0.00165669
internal_weight=8640 5387 4637 3253 2207 2430 1855 575 493 1362 2118 1027 754 2226
internal_count=8640 5387 4637 3253 2207 2430 1855 575 493 1362 2118 1027 754 2226
is_linear=0
shrinkage=0.05


Tree=6
num_leaves=15
num_cat=0
split_feature=7 5 1 5 5 5 4 6 3 4 0 4 3 1
split_gain=16.7898 7.99391 9.55126 4.73083 3.94935 3.93738 3.92283 3.374 3.16486 3.63375 2.77459 2.39367 2.34495 2.21816
threshold=0.89566858950296113 13.950000000000001 27.379200000000004 40.350000000000001 30.050000000000004 16.650000000000002 27.050000000000004 4.0999999999999996 25.450000000000003 33.550000000000004 60.000000000000007 23.750000000000004 26.750000000000004 16.079350000000005
decision_type=2 2 2 2 2 2 2 2 2 2 2 2 2 2
left_child=6 -2 4 5 7 -4 -1 12 10 -10 11 -7 13 -3
right_child=1 2 3 -5 -6 8 -8 -9 9 -11 -12 -13 -14 -15
leaf_value=-0.0064394853326603524 -0.0041046798241808208 0.0044678466957217703 -0.00018381686508918635 -0.0073865030166329927 -0.0025814665049401502 0.0076672817728701678 -0.0021391819923539039 0.0061507160054308941 0.00010883903405265838 0.0058233165990326033 0.0039762641181157769 0.014899381867144257 0.0018900315947770465 -0.0029768298876340707
leaf_weight=784 601 120 354 84 942 314 1639 307 407 879 267 180 1160 602
leaf_count=784 601 120 354 84 942 314 1639 307 407 879 267 180 1160 602
internal_value=-2.86396e-11 0.00137601 0.00196253 0.00427708 0.000125537 0.00468513 -0.00353061 0.00129045 0.00552715 0.00401477 0.00808289 0.0103025 0.000497623 -0.00173949
internal_weight=8640 6217 5616 2485 3131 2401 2423 2189 2047 1286 761 494 1882 722
internal_count=8640 6217 5616 2485 3131 2401 2423 2189 2047 1286 761 494 1882 722
is_linear=0
shrinkage=0.05


Tree=7
num_leaves=15
num_cat=0
split_feature=7 5 3 2 1 8 3 0 3 5 5 5 8 5
split_gain=15.2512 9.94655 7.1651 4.05568 2.84491 3.15818 2.77086 2.74315 2.69249 2.65185 3.05065 2.07914 2.00187 2.11945
threshold=1.228368384845886 15.750000000000002 25.650000000000002 86.003450000000015 27.379200000000004 30.283333333333339 15.550000000000002 60.000000000000007 27.250000000000004 38.850000000000001 32.150000000000013 30.050000000000004 35.01666666666668 35.45000000000001
decision_type=2 2 2 2 2 2 2 2 2 2 2 2 2 2
left_child=3 -2 6 11 5 -4 -3 -8 -5 10 -6 -1 13 -7
right_child=1 2 4 8 9 12 7 -9 -10 -11 -12 -13 -14 -15
leaf_value=-3.078758542228096e-05 -0.0030846340356842665 0.00055236264251524937 0.0020122711460423123 -0.006145783896295688 0.0028005298816353172 -0.002577831627589179 0.010148181214785208 0.0038756267158808473 -0.0016238370637749137 -0.004777265800268736 0.0088552070812465741 -0.0030131578066413885 0.0029168540285205219 -0.011971950845491193
leaf_weight=1630 818 148 1175 877 818 389 513 264 527 86 279 911 134 71
leaf_count=1630 818 148 1175 877 818 389 513 264 527 86 279 911 134 71
internal_value=-3.54615e-11 0.00192562 0.00298272 -0.00229171 0.0017795 0.000510171 0.00682263 0.00801697 -0.00444844 0.00367759 0.00434042 -0.00110003 -0.00246116 -0.00402779
internal_weight=8640 4695 3877 3945 2952 1769 925 777 1404 1183 1097 2541 594 460
internal_count=8640 4695 3877 3945 2952 1769 925 777 1404 1183 1097 2541 594 460
is_linear=0
shrinkage=0.05


Tree=8
num_leaves=15
num_cat=0
split_feature=7 5 1 5 5 4 5 7 3 4 0 4 4 5
split_gain=13.8948 6.64988 7.85525 3.97501 3.29515 3.22574 3.20318 2.94019 2.63892 3.16515 2.29288 2.13592 2.07768 2.01343
threshold=0.89566858950296113 13.950000000000001 27.379200000000004 40.350000000000001 30.050000000000004 27.050000000000004 16.650000000000002 1.7594190960528859 25.450000000000003 33.550000000000004 60.000000000000007 42.45000000000001 22.250000000000004 27.450000000000003
decision_type=2 2 2 2 2 2 2 2 2 2 2 2 2 2
left_child=5 -2 4 6 7 -1 -4 -3 10 -10 12 -11 -8 -9
right_child=1 2 3 -5 -6 -7 8 13 9 11 -12 -13 -14 -15
leaf_value=-0.0058496200665308145 -0.0037469925484531902 0.00050331893912180549 -0.00013181943631215327 -0.0068056162103034921 -0.002351868372420299 -0.0019500779135515562 0.0058966632686433913 -0.0047103146720375568 -7.1604128472772438e-06 0.0065812432632362432 0.0036198201804676471 0.00048601838672605673 0.012397319538671804 0.0078604277260967536
leaf_weight=784 601 1923 354 84 942 1639 230 37 407 698 267 181 264 229
leaf_count=784 601 1923 354 84 942 1639 230 37 407 698 267 181 264 229
internal_value=1.8426e-11 0.00125177 0.00178672 0.00388573 0.000120785 -0.00321184 0.00425977 0.00118485 0.00501924 0.00363823 0.00735298 0.00532614 0.0093707 0.00611187
internal_weight=8640 6217 5616 2485 3131 2423 2401 2189 2047 1286 761 879 494 266
internal_count=8640 6217 5616 2485 3131 2423 2401 2189 2047 1286 761 879 494 266
is_linear=0
shrinkage=0.05


Tree=9
num_leaves=15
num_cat=0
split_feature=7 5 1 2 8 1 5 4 3 5 4 6 3 5
split_gain=12.5676 8.18202 4.84412 3.3873 3.15455 2.73705 2.64965 2.28662 2.2743 1.89737 1.88838 1.81184 1.37933 1.34763
threshold=1.228368384845886 14.750000000000002 27.379200000000004 86.003450000000015 30.283333333333339 16.079350000000005 38.850000000000001 19.050000000000004 27.250000000000004 42.050000000000004 38.45000000000001 13.65 26.650000000000002 27.050000000000004
decision_type=2 2 2 2 2 2 2 2 2 2 2 2 2 2
left_child=3 -2 4 9 5 -3 7 -4 13 -1 -6 -9 -7 -5
right_child=1 2 6 8 10 12 -8 11 -10 -11 -12 -13 -14 -15
leaf_value=-0.00069515414713362388 -0.0032510354500708211 0.0059937586275348714 -0.0023934883941150145 -0.0041836996645671538 -0.0030016972421540709 -0.001947301963212876 -0.0043416288237325676 0.0053047999252532887 -0.0014553614324347543 -0.0072954207975335682 0.0082475387892918667 -0.0031874757331724355 0.0021211233469850929 -0.0083022248176827206
leaf_weight=2427 697 342 110 573 554 312 86 1862 527 114 40 65 627 304
leaf_count=2427 697 342 110 573 554 312 86 1862 527 114 40 65 627 304
internal_value=8.10962e-12 0.00174801 0.00261953 -0.00208034 0.00076758 0.00216413 0.00425515 0.0046181 -0.00405136 -0.00099127 -0.00224417 0.00501835 0.000769314 -0.00561133
internal_weight=8640 4695 3998 3945 1875 1281 2123 2037 1404 2541 594 1927 939 877
internal_count=8640 4695 3998 3945 1875 1281 2123 2037 1404 2541 594 1927 939 877
is_linear=0
shrinkage=0.05


Tree=10
num_leaves=15
num_cat=0
split_feature=7 5 1 5 5 4 5 6 5 4 0 3 8 3
split_gain=11.5285 5.48238 6.4144 3.31905 2.86667 2.68571 2.62796 2.55197 2.51065 3.15847 2.32768 2.04619 1.93284 1.82535
threshold=0.89566858950296113 13.950000000000001 27.379200000000004 41.650000000000013 30.050000000000004 26.950000000000003 16.650000000000002 4.0999999999999996 27.150000000000002 33.550000000000004 60.000000000000007 26.750000000000004 34.88333333333334 15.65
decision_type=2 2 2 2 2 2 2 2 2 2 2 2 2 2
left_child=5 -2 4 6 7 -1 -4 11 10 -10 13 -3 -6 -8
right_child=1 2 3 -5 12 -7 8 -9 9 -11 -12 -13 -14 -15
leaf_value=-0.0054046338785777998 -0.0033985795495006378 -0.0016662671985195781 -0.00015830506653180293 -0.0076270422869576865 -0.0032714098425294514 -0.0018077958535639505 0.0011055866308096382 0.0053399345206646331 -0.0011181946838015389 0.004605229830807322 0.0030435014527016961 0.0017241674654924909 0.0025392202312518337 0.0096464887977942854
leaf_weight=753 601 722 354 65 766 1670 72 307 331 887 299 1160 176 477
leaf_count=753 601 722 354 65 766 1670 72 307 331 887 299 1160 176 477
internal_value=4.30837e-11 0.00114021 0.00162594 0.0035227 0.000120521 -0.00292559 0.00382217 0.001113 0.00450421 0.00304985 0.00659314 0.00042348 -0.00218577 0.00852637
internal_weight=8640 6217 5616 2485 3131 2423 2420 2189 2066 1218 848 1882 942 549
internal_count=8640 6217 5616 2485 3131 2423 2420 2189 2066 1218 848 1882 942 549
is_linear=0
shrinkage=0.05


Tree=11
num_leaves=15
num_cat=0
split_feature=7 5 1 5 5 5 4 1 3 4 5 4 0 3
split_gain=10.4045 4.94785 5.78899 3.02695 2.58717 2.42788 2.42471 2.40385 2.63087 3.39086 2.15558 2.97311 2.10073 2.05832
threshold=0.89566858950296113 13.950000000000001 27.379200000000004 40.350000000000001 30.050000000000004 16.650000000000002 27.250000000000004 16.079350000000005 27.150000000000002 30.850000000000005 27.150000000000002 33.550000000000004 60.000000000000007 27.950000000000003
decision_type=2 2 2 2 2 2 2 2 2 2 2 2 2 2
left_child=6 -2 4 5 7 -4 -1 13 9 -9 12 -12 -7 -3
right_child=1 2 3 -5 -6 10 -8 8 -10 -11 11 -13 -14 -15
leaf_value=-0.0049447097395518289 -0.0032286506391032764 0.0059874488418998192 -0.00015038975291177737 -0.0059831019838817332 -0.0020764833480479829 0.0081000517271730531 -0.0016239764391599539 -0.0024504942271781987 0.0021432947788583372 0.013665219517561661 -0.0010622850051248205 0.0045071515521036744 0.0028913263920858118 -0.0013211615620037686
leaf_weight=843 601 372 354 84 942 549 1580 816 837 34 331 868 299 130
leaf_count=843 601 372 354 84 942 549 1580 816 837 34 331 868 299 130
internal_value=1.14326e-11 0.0010832 0.00154464 0.00334656 0.000114495 0.00367296 -0.00277931 0.00105735 0.000153498 -0.00180587 0.00433416 0.00296963 0.00626348 0.00409478
internal_weight=8640 6217 5616 2485 3131 2401 2423 2189 1687 850 2047 1199 848 502
internal_count=8640 6217 5616 2485 3131 2401 2423 2189 1687 850 2047 1199 848 502
is_linear=0
shrinkage=0.05


Tree=12
num_leaves=15
num_cat=0
split_feature=7 5 3 2 4 8 5 3 0 4 5 8 5 6
split_gain=9.45763 6.21586 5.91179 2.61641 1.84883 4.07427 2.16906 1.82854 1.76872 1.71673 1.62525 1.59557 2.49696 1.48689
threshold=1.228368384845886 16.650000000000002 25.650000000000002 86.003450000000015 34.45000000000001 32.283333333333346 37.550000000000004 26.650000000000002 60.000000000000007 21.450000000000003 40.350000000000001 34.483333333333341 30.050000000000004 13.65
decision_type=2 2 2 2 2 2 2 2 2 2 2 2 2 2
left_child=3 -2 8 10 5 -4 13 -5 9 -3 11 12 -1 -6
right_child=1 2 4 7 6 -7 -8 -9 -10 -11 -12 -13 -14 -15
leaf_value=9.064650132069573e-05 -0.0021663767590777024 0.0032374021338163229 0.00097500216592947382 -0.0053935367628209357 0.0043471632031929514 -0.0093041029788425902 -0.0030611002126422066 -0.0017832246241545908 0.0028398410338591647 0.0094903040511324002 -0.006144573715308097 0.0039155613879651155 -0.0037077764068937317 -0.0034837208602290885
leaf_weight=1630 921 151 1756 682 899 102 130 722 269 402 137 185 589 65
leaf_count=1630 921 151 1756 682 899 102 130 722 269 402 137 185 589 65
internal_value=-1.97006e-11 0.00151639 0.00241512 -0.00180467 0.00137087 0.000410703 0.00300157 -0.00353695 0.00616529 0.00778291 -0.000847522 -0.000545652 -0.000917587 0.00381915
internal_weight=8640 4695 3774 3945 2952 1858 1094 1404 822 553 2541 2404 2219 964
internal_count=8640 4695 3774 3945 2952 1858 1094 1404 822 553 2541 2404 2219 964
is_linear=0
shrinkage=0.05


Tree=13
num_leaves=15
num_cat=0
split_feature=7 5 1 5 5 1 3 3 4 5 5 4 8 5
split_gain=8.58685 4.14018 4.86199 2.56348 2.28475 2.25836 2.25192 2.11273 2.01751 1.87682 1.86366 2.4716 1.84969 1.74887
threshold=0.89566858950296113 13.950000000000001 27.379200000000004 41.650000000000013 30.450000000000003 16.079350000000005 27.950000000000003 26.750000000000004 27.550000000000004 16.650000000000002 27.150000000000002 33.550000000000004 34.88333333333334 31.650000000000002
decision_type=2 2 2 2 2 2 2 2 2 2 2 2 2 2
left_child=8 -2 4 9 5 6 -3 -7 -1 -4 -11 13 -6 -12
right_child=1 2 3 -5 12 7 -8 -9 -10 10 11 -13 -14 -15
leaf_value=-0.0043787391929635535 -0.0029602136121622711 0.0056782827581118916 -4.3158746700362955e-05 -0.0067412981147376393 -0.0034387585824703451 -0.0022310125373915294 -0.0011771755355644471 0.0013563995861097604 -0.0014020284582863026 0.0056968383110158338 -0.0020592193644044846 0.0040199485137395411 0.0023520441181476186 0.011955600457198064
leaf_weight=914 601 400 354 65 637 659 171 1088 1509 848 307 887 176 24
leaf_count=914 601 400 354 65 637 659 171 1088 1509 848 307 887 176 24
internal_value=-1.3093e-11 0.000984048 0.00140615 0.00305751 9.55005e-05 0.000895402 0.00362525 3.16284e-06 -0.0025249 0.0033207 0.00389708 0.00264405 -0.00218515 -0.00104304
internal_weight=8640 6217 5616 2485 3131 2318 571 1747 2423 2420 2066 1218 813 331
internal_count=8640 6217 5616 2485 3131 2318 571 1747 2423 2420 2066 1218 813 331
is_linear=0
shrinkage=0.05


Tree=14
num_leaves=15
num_cat=0
split_feature=7 5 3 2 3 0 3 4 5 5 6 5 5 1
split_gain=7.81824 5.11432 4.91159 2.17061 1.64016 1.68679 1.53614 1.53331 4.62645 1.97646 1.4848 1.43193 1.32993 1.24137
threshold=1.228368384845886 16.650000000000002 25.650000000000002 86.003450000000015 15.550000000000002 60.000000000000007 26.650000000000002 35.150000000000013 33.350000000000001 37.550000000000004 9.2500000000000018 42.050000000000004 26.950000000000003 27.379200000000004
decision_type=2 2 2 2 2 2 2 2 2 2 2 2 2 2
left_child=3 -2 4 11 -3 -6 12 8 -4 10 13 -1 -5 -9
right_child=1 2 7 6 5 -7 -8 9 -10 -11 -12 -13 -14 -15
leaf_value=-0.00051177502123436432 -0.0019618320944229848 -0.00067919929127168398 0.001078829565381469 -0.0035331952719018819 0.0081133004121323946 0.0030234196109279079 -0.0016112349649376981 0.0017878861070953701 -0.0086499703029181297 -0.0029195211721637932 0.0007048748423733851 -0.006245611460364767 -0.0084348509606900473 0.0066962828235045888
leaf_weight=2427 921 92 1819 489 485 245 722 190 131 130 282 114 193 400
leaf_count=2427 921 92 1819 489 485 245 722 190 131 130 282 114 193 400
internal_value=8.37847e-12 0.00137871 0.00219393 -0.00164082 0.00561217 0.00640505 -0.00321864 0.0012421 0.000425254 0.00283178 0.0036892 -0.000769019 -0.00492032 0.00511561
internal_weight=8640 4695 3774 3945 822 730 1404 2952 1950 1002 872 2541 682 590
internal_count=8640 4695 3774 3945 822 730 1404 2952 1950 1002 872 2541 682 590
is_linear=0
shrinkage=0.05


Tree=15
num_leaves=15
num_cat=0
split_feature=7 5 1 5 5 7 5 4 5 5 5 4 4 0
split_gain=7.11269 3.46927 4.02585 2.16038 1.99783 1.98526 1.74027 1.69073 1.4677 1.56003 2.28704 1.814 1.85048 1.59828
threshold=0.89566858950296113 13.950000000000001 27.379200000000004 41.650000000000013 30.050000000000004 1.7594190960528859 27.450000000000003 26.950000000000003 16.650000000000002 27.150000000000002 32.150000000000013 32.650000000000013 42.95000000000001 60.000000000000007
decision_type=2 2 2 2 2 2 2 2 2 2 2 2 2 2
left_child=7 -2 4 8 5 -3 -7 -1 -4 13 11 -11 -13 -10
right_child=1 2 3 -5 -6 6 -8 -9 9 10 -12 12 -14 -15
leaf_value=-0.0042649067605856142 -0.0027149558992833273 0.00035786835677107894 5.1560878982546472e-05 -0.0062107908481266356 -0.0018359723417612384 -0.0050948056895789261 0.0065921137876011537 -0.0014110775142174403 0.0067845592395176027 -0.0026762092164927549 0.0056823779918688715 0.0034200353982211901 -0.0052783156542674358 0.0022412443681881704
leaf_weight=753 601 1923 354 65 942 37 229 1670 549 244 368 537 69 299
leaf_count=753 601 1923 354 65 942 37 229 1670 549 244 368 537 69 299
internal_value=-7.92321e-12 0.000895605 0.00128199 0.00278466 8.93584e-05 0.000917893 0.00496649 -0.00229797 0.00302627 0.00353598 0.00238955 0.000963953 0.00242963 0.00518261
internal_weight=8640 6217 5616 2485 3131 2189 266 2423 2420 2066 1218 850 606 848
internal_count=8640 6217 5616 2485 3131 2189 266 2423 2420 2066 1218 850 606 848
is_linear=0
shrinkage=0.05


Tree=16
num_leaves=15
num_cat=0
split_feature=7 5 3 4 2 2 3 5 1 5 8 4 4 5
split_gain=6.44814 4.2614 2.57733 2.10637 2.09843 1.81502 1.52594 1.43979 1.53548 2.19159 2.04365 1.63816 1.46654 1.45063
threshold=1.228368384845886 14.750000000000002 26.050000000000004 23.450000000000003 75.043350000000018 86.003450000000015 26.650000000000002 37.350000000000001 27.379200000000004 32.150000000000013 30.283333333333339 35.850000000000001 42.95000000000001 33.350000000000001
decision_type=2 2 2 2 2 2 2 2 2 2 2 2 2 2
left_child=5 -2 3 -3 -5 -1 -4 8 10 12 -8 13 -10 -12
right_child=1 2 6 4 -6 -7 7 -9 9 -11 11 -13 -14 -15
leaf_value=-0.00069292854013156381 -0.0023556344935649117 0.0019216289290514181 -0.0021441958527100651 0.00070973765902587337 0.0080077206692335794 -0.0029329329193934555 0.0022972692807534797 -0.0032967994061953113 0.0026515943333036275 0.0073587753449463333 -0.0011110362623557276 0.002725652593727799 -0.0050143998494182815 -0.007407161555352754
leaf_weight=2541 697 634 327 131 397 1404 831 148 651 249 264 157 69 140
leaf_count=2541 697 634 327 131 397 1404 831 148 651 249 264 157 69 140
internal_value=7.35402e-12 0.00125209 0.00188105 0.00386433 0.00619705 -0.00149013 0.00106844 0.00148714 0.00178703 0.0033153 0.000723162 -0.00160854 0.00191694 -0.00329286
internal_weight=8640 4695 3998 1162 528 3945 2836 2509 2361 969 1392 561 720 404
internal_count=8640 4695 3998 1162 528 3945 2836 2509 2361 969 1392 561 720 404
is_linear=0
shrinkage=0.05


Tree=17
num_leaves=15
num_cat=0
split_feature=7 5 1 5 5 1 3 4 3 4 4 5 5 6
split_gain=5.92915 2.86327 3.26355 1.85925 1.72512 1.79301 2.14666 2.84329 1.58791 1.43743 1.4038 1.2876 1.53248 1.32733
threshold=0.89566858950296113 13.950000000000001 27.379200000000004 40.350000000000001 30.050000000000004 16.079350000000005 27.150000000000002 30.850000000000005 27.950000000000003 26.950000000000003 38.45000000000001 32.850000000000001 33.250000000000007 13.65
decision_type=2 2 2 2 2 2 2 2 2 2 2 2 2 2
left_child=9 -2 4 11 5 8 7 -7 -3 -1 -6 13 -13 -4
right_child=1 2 3 -5 10 6 -8 -9 -10 -11 -12 12 -14 -15
leaf_value=-0.0039117080109432939 -0.0024623945931971426 0.0051504999047513903 0.0025627612393525978 -0.0047902623437472529 -0.0021006447413679163 -0.0022759540042951651 0.0018816118168364497 0.01248128629385439 -0.001268864018806758 -0.001280325064536245 0.0074716061260551225 0.016407485360339768 0.0046439925709408515 -0.0049819979413102079
leaf_weight=753 601 372 2051 84 902 816 837 34 130 1670 40 31 259 60
leaf_count=753 601 372 2051 84 902 816 837 34 130 1670 40 31 259 60
internal_value=6.67882e-12 0.000817703 0.00116872 0.00252167 9.49252e-05 0.000864837 8.4229e-05 -0.00168566 0.00348811 -0.00209808 -0.00169418 0.00277748 0.00590147 0.00234832
internal_weight=8640 6217 5616 2485 3131 2189 1687 850 502 2423 942 2401 290 2111
internal_count=8640 6217 5616 2485 3131 2189 1687 850 502 2423 942 2401 290 2111
is_linear=0
shrinkage=0.05


Tree=18
num_leaves=15
num_cat=0
split_feature=7 5 1 5 5 5 1 3 3 8 4 5 6 3
split_gain=5.35106 2.5841 2.94535 1.68453 1.57472 1.56762 1.77182 1.74561 1.6524 1.48251 1.31973 1.19879 1.19792 1.17181
threshold=0.89566858950296113 13.950000000000001 27.379200000000004 38.850000000000001 32.850000000000001 30.450000000000003 16.079350000000005 27.950000000000003 26.750000000000004 34.88333333333334 27.750000000000004 33.250000000000007 13.65 12.750000000000002
decision_type=2 2 2 2 2 2 2 2 2 2 2 2 2 2
left_child=10 -2 5 4 12 6 7 -3 -8 -7 -1 -6 13 -4
right_child=1 2 3 -5 11 9 8 -9 -10 -11 -12 -13 -14 -15
leaf_value=-0.0034225861948888668 -0.002339274875401818 0.0049782917276897931 -0.0039707317303839156 -0.0035141912161413096 0.015587111177756602 -0.0029212483618856946 -0.0020133898187842439 -0.0010574919547768561 0.0011592199548270882 0.0022630250099940565 -0.0010405708333789873 0.00510755875809736 -0.0047328981516572347 0.0026576148494151671
leaf_weight=969 601 400 69 115 31 637 659 171 1088 176 1454 228 60 1982
leaf_count=969 601 400 69 115 31 637 659 171 1088 176 1454 228 60 1982
internal_value=8.5843e-12 0.000776818 0.00111029 0.00239559 0.00268235 9.01789e-05 0.000752758 0.00317073 -3.75458e-05 -0.00179895 -0.00199318 0.00636187 0.0022309 0.00243462
internal_weight=8640 6217 5616 2485 2370 3131 2318 571 1747 813 2423 259 2111 2051
internal_count=8640 6217 5616 2485 2370 3131 2318 571 1747 813 2423 259 2111 2051
is_linear=0
shrinkage=0.05


Tree=19
num_leaves=15
num_cat=0
split_feature=7 5 3 4 3 5 5 4 8 5 4 8 5 6
split_gain=4.90862 3.53112 3.45993 1.50563 1.37468 2.09699 1.90577 1.33826 1.23834 1.35773 1.14362 2.4952 1.33643 1.08888
threshold=1.2710450643291742 16.650000000000002 25.650000000000002 23.750000000000004 26.750000000000004 27.450000000000003 25.850000000000005 27.850000000000005 27.750000000000004 29.550000000000004 34.45000000000001 32.283333333333346 37.550000000000004 9.2500000000000018
decision_type=2 2 2 2 2 2 2 2 2 2 2 2 2 2
left_child=4 -2 3 -3 6 -6 -1 -8 -7 -10 11 -4 13 -12
right_child=1 2 10 -5 5 8 7 -9 9 -11 12 -13 -14 -15
leaf_value=0.0017227069127570612 -0.001629079643107953 0.0026699379953446199 0.00067657473352155479 0.0069865841384638451 0.0032678117415860237 -0.0048878255658877101 -0.0047661073304339739 -0.0012679295718000185 0.0005951581969593472 -0.0018704666705489335 0.0040338546235679264 -0.0075405068023187321 -0.0025100833998294549 0.00032784643418697231
leaf_weight=219 918 425 1613 385 310 198 685 455 1013 1244 667 98 128 282
leaf_count=219 918 425 1613 385 310 198 685 455 1013 1244 667 98 128 282
internal_value=1.05628e-11 0.00113887 0.00184509 0.00472168 -0.00124713 -0.000607137 -0.00254924 -0.0033699 -0.00109644 -0.00076383 0.00100936 0.00020593 0.00228574 0.0029326
internal_weight=8640 4516 3598 810 4124 2765 1359 1140 2455 2257 2788 1711 1077 949
internal_count=8640 4516 3598 810 4124 2765 1359 1140 2455 2257 2788 1711 1077 949
is_linear=0
shrinkage=0.05


Tree=20
num_leaves=15
num_cat=0
split_feature=7 4 1 5 5 8 6 4 4 5 0 5 6 3
split_gain=4.43626 2.2958 1.55035 2.46006 1.6625 1.61275 1.59759 1.44939 1.67374 1.66182 1.42727 1.39398 1.74843 1.606
threshold=0.89566858950296113 14.15 27.379200000000004 16.650000000000002 27.150000000000002 10.950000000000001 4.4000000000000048 32.850000000000001 42.45000000000001 31.650000000000002 60.000000000000007 31.050000000000004 4.0999999999999996 31.650000000000002
decision_type=2 2 2 2 2 2 2 2 2 2 2 2 2 2
left_child=-1 -2 11 5 10 -4 -7 9 -9 -6 -5 12 -3 -13
right_child=1 2 3 4 7 6 -8 8 -10 -11 -12 13 -14 -15
leaf_value=-0.0018148280374603639 -0.0056000246011638846 8.0456503932690312e-05 0.01091817143405306 0.0058019717364372241 -0.0029807216607267038 0.0025489728912762412 -0.002487392829822679 0.0034729560089705128 -0.0012496560657243563 0.011063871212789546 0.0015085920531273101 -0.0045096028892492711 0.0038568490214920207 0.00037227692372747374
leaf_weight=2423 141 2096 29 549 250 218 567 761 249 23 299 319 359 357
leaf_count=2423 141 2096 29 549 250 218 567 761 249 23 299 319 359 357
internal_value=-1.4737e-12 0.000707307 0.000853675 0.0016772 0.00257034 -0.000660993 -0.00108876 0.00143495 0.00230867 -0.00179748 0.00428815 7.90754e-05 0.000632687 -0.00193145
internal_weight=8640 6217 6076 2945 2131 814 785 1283 1010 273 848 3131 2455 676
internal_count=8640 6217 6076 2945 2131 814 785 1283 1010 273 848 3131 2455 676
is_linear=0
shrinkage=0.05


Tree=21
num_leaves=15
num_cat=0
split_feature=7 5 3 3 5 5 3 3 0 0 8 5 5 4
split_gain=4.05325 2.8943 2.86168 1.26037 1.88149 1.67337 1.25082 1.23204 1.23351 1.17004 1.12034 1.19917 1.0699 1.06451
threshold=1.2710450643291742 16.650000000000002 26.050000000000004 26.750000000000004 27.450000000000003 25.850000000000005 26.650000000000002 15.550000000000002 60.000000000000007 36.000000000000007 27.716666666666672 29.550000000000004 37.350000000000001 35.150000000000013
decision_type=2 2 2 2 2 2 2 2 2 2 2 2 2 2
left_child=3 -2 7 5 -5 -1 -4 -3 -9 -7 -6 -12 13 -8
right_child=1 2 6 4 10 9 12 8 -10 -11 11 -13 -14 -15
leaf_value=0.0016229371553072684 -0.0014710642938392568 -0.001442526204634335 -0.0021888625663991374 0.0031499750020110139 -0.0046718221410609615 -0.005409940659420521 0.0006508870627474064 0.006041470089484728 0.0019413471951643957 -0.0020141640897112937 0.00059532942975721963 -0.0017168480009792286 -0.0029143758354172726 0.0029024556701480737
leaf_weight=219 918 91 301 310 190 381 1386 555 274 759 1021 1244 146 845
leaf_count=219 918 91 301 310 190 381 1386 555 274 759 1021 1244 146 845
internal_value=-1.03441e-11 0.0010349 0.00167427 -0.00113327 -0.000520463 -0.00238007 0.000847781 0.00408008 0.0046863 -0.00314907 -0.00098394 -0.000674582 0.00123231 0.00150368
internal_weight=8640 4516 3598 4124 2765 1359 2678 920 829 1140 2455 2265 2377 2231
internal_count=8640 4516 3598 4124 2765 1359 2678 920 829 1140 2455 2265 2377 2231
is_linear=0
shrinkage=0.05


Tree=22
num_leaves=15
num_cat=0
split_feature=7 4 1 5 5 8 6 5 1 3 4 3 3 2
split_gain=3.72115 2.00643 1.29545 1.98146 1.48672 1.45727 1.42689 1.30354 1.40914 1.69231 2.43442 1.27166 1.17669 1.16668
threshold=0.89566858950296113 14.15 27.379200000000004 16.650000000000002 41.650000000000013 10.950000000000001 4.4000000000000048 30.050000000000004 16.079350000000005 27.150000000000002 30.850000000000005 27.950000000000003 15.850000000000003 78.923900000000017
decision_type=2 2 2 2 2 2 2 2 2 2 2 2 2 2
left_child=-1 -2 7 5 -5 -4 -7 8 11 10 -10 -3 -8 -9
right_child=1 2 3 4 -6 6 12 13 9 -11 -12 -13 -14 -15
leaf_value=-0.0016621315807815529 -0.0052486644846433447 0.0045590590136388564 0.010445815234862526 0.0025732344599594076 -0.0051066449766333857 0.0024702402324108153 -0.0012418476164680022 -0.0061511978268490031 -0.0020638663225986866 0.0016496777586820473 0.011591154838200002 -0.0011855959725709489 -0.0072418667246691056 -0.00081599082661595087
leaf_weight=2423 141 372 29 2066 65 218 468 117 816 837 34 130 99 825
leaf_count=2423 141 372 29 2066 65 218 468 117 816 837 34 130 99 825
internal_value=1.00335e-12 0.000647796 0.000784629 0.00153741 0.00233898 -0.000561042 -0.000967665 7.65648e-05 0.000745823 5.38024e-05 -0.00151767 0.0030714 -0.00228947 -0.00147864
internal_weight=8640 6217 6076 2945 2131 814 785 3131 2189 1687 850 502 567 942
internal_count=8640 6217 6076 2945 2131 814 785 3131 2189 1687 850 502 567 942
is_linear=0
shrinkage=0.05


Tree=23
num_leaves=15
num_cat=0
split_feature=7 4 1 5 4 8 6 0 5 1 3 3 8 3
split_gain=3.35834 1.81081 1.16914 1.78827 1.37566 1.31518 1.28777 1.22336 1.21231 1.46459 1.79643 1.42223 1.27411 1.22177
threshold=0.89566858950296113 14.15 27.379200000000004 16.650000000000002 42.45000000000001 10.950000000000001 4.4000000000000048 60.000000000000007 31.050000000000004 16.079350000000005 27.950000000000003 31.650000000000002 29.716666666666672 30.050000000000004
decision_type=2 2 2 2 2 2 2 2 2 2 2 2 2 2
left_child=-1 -2 8 5 -5 -4 -7 -6 9 10 12 -10 -3 -11
right_child=1 2 3 4 7 6 -8 -9 11 13 -12 -13 -14 -15
leaf_value=-0.0015790250106887498 -0.0049862313099165861 0.0038635739391911349 0.0099235252710059285 0.0026841197430692971 -0.0039765249671360765 0.0023467282800659658 -0.0021749964873536412 0.0032685650061936148 -0.004228369629690803 -0.00044575158493225425 -0.00095812079704786957 0.00036570617853447338 0.015292294445232705 0.0053794329101219777
leaf_weight=2423 141 393 29 1882 156 218 567 93 319 1715 226 357 26 95
leaf_count=2423 141 393 29 1882 156 218 567 93 319 1715 226 357 26 95
internal_value=5.42358e-12 0.000615406 0.000745398 0.00146054 0.00222203 -0.00053299 -0.000919282 -0.00127053 7.27366e-05 0.000589015 0.0026348 -0.00180221 0.00457275 -0.00014001
internal_weight=8640 6217 6076 2945 2131 814 785 249 3131 2455 645 676 419 1810
internal_count=8640 6217 6076 2945 2131 814 785 249 3131 2455 645 676 419 1810
is_linear=0
shrinkage=0.05


Tree=24
num_leaves=15
num_cat=0
split_feature=7 4 3 4 2 3 5 5 3 4 3 7 8 5
split_gain=3.10336 2.22403 1.89881 1.43675 1.25535 1.13138 1.6772 1.43045 1.13122 1.09147 1.0185 1.47798 1.00779 1.107
threshold=1.2710450643291742 19.450000000000003 26.050000000000004 23.750000000000004 75.043350000000018 26.750000000000004 27.450000000000003 25.850000000000005 26.650000000000002 27.850000000000005 14.15 1.7913371790059205 27.850000000000001 29.550000000000004
decision_type=2 2 2 2 2 2 2 2 2 2 2 2 2 2
left_child=5 -2 3 10 -5 7 -7 -1 -4 -9 -3 -12 -8 -14
right_child=1 2 8 4 -6 6 12 9 -10 -11 11 -13 13 -15
leaf_value=0.0015281726350368863 -0.0015209685202839125 0.0089669682351606241 -0.0021831449459943507 0.00079266673731958357 0.006619483980372729 0.0030544233824020338 -0.0039844619964775306 -0.0041448058568945593 0.0010703562960251195 -0.00098560294607423298 0.0046640762682939171 -0.0010016093393533502 0.00073639701041597512 -0.0015111661935679
leaf_weight=219 781 42 301 123 372 310 232 685 2377 455 172 348 979 1244
leaf_count=219 781 42 301 123 372 310 232 685 2377 455 172 348 979 1244
internal_value=1.20695e-11 0.000905548 0.00141294 0.0032074 0.00517161 -0.000991623 -0.000411024 -0.0021729 0.000704672 -0.0028839 0.00147736 0.000872425 -0.000848616 -0.000521349
internal_weight=8640 4516 3735 1057 495 4124 2765 1359 2678 1140 562 520 2455 2223
internal_count=8640 4516 3735 1057 495 4124 2765 1359 2678 1140 562 520 2455 2223
is_linear=0
shrinkage=0.05


Tree=25
num_leaves=15
num_cat=0
split_feature=7 8 3 4 7 7 6 4 3 5 5 4 0 5
split_gain=2.80078 2.0327 2.00261 1.43138 1.27337 1.2118 1.07286 1.03587 1.02107 1.51367 1.32131 1.16863 0.972272 0.944383
threshold=1.2710450643291742 17.150000000000006 25.650000000000002 23.750000000000004 2.5121918679151691 1.7211107524567451 4.4000000000000048 15.15 26.750000000000004 27.450000000000003 26.050000000000004 27.850000000000005 60.000000000000007 43.45000000000001
decision_type=2 2 2 2 2 2 2 2 2 2 2 2 2 2
left_child=8 4 3 5 6 -3 7 -2 10 -10 -1 -12 -5 -11
right_child=1 2 -4 12 -6 -7 -8 -9 9 13 11 -13 -14 -15
leaf_value=0.00098255768347410197 -0.0065080594634864394 0.0052010699155729959 0.00072181014569457753 0.0075091167413783013 0.0016869284284822868 -0.00011167415263715506 -0.0039734105159598574 0.0024536983646600455 0.0029017022462193703 -0.00061488158557609311 -0.0042707031505415218 -0.00093632276265902432 0.0021649191081895142 -0.0058332300936389308
leaf_weight=282 41 161 2788 258 249 322 419 151 310 2365 622 455 127 90
leaf_count=282 41 161 2788 258 249 322 419 151 310 2365 622 455 127 90
internal_value=-1.4882e-12 0.00086027 0.00137476 0.00347202 -0.0013269 0.00165924 -0.00255512 0.00053999 -0.000942042 -0.000390473 -0.00206426 -0.00286203 0.00574623 -0.000806186
internal_weight=8640 4516 3656 868 860 483 611 192 4124 2765 1359 1077 385 2455
internal_count=8640 4516 3656 868 860 483 611 192 4124 2765 1359 1077 385 2455
is_linear=0
shrinkage=0.05


Tree=26
num_leaves=15
num_cat=0
split_feature=7 4 3 5 4 5 3 7 8 4 3 5 6 3
split_gain=2.54619 1.4768 0.975135 1.24474 1.14221 0.955648 1.68338 1.05098 0.905739 0.945593 1.38697 1.83675 1.53674 1.18251
threshold=0.89566858950296113 14.15 25.850000000000005 26.450000000000003 27.750000000000004 37.350000000000001 35.95000000000001 2.1648710508172706 10.950000000000001 16.450000000000003 25.650000000000002 17.550000000000004 4.4000000000000048 15.850000000000003
decision_type=2 2 2 2 2 2 2 2 2 2 2 2 2 2
left_child=2 -2 -1 -4 -5 6 8 -8 -3 -10 11 12 -11 -14
right_child=1 5 3 4 -6 -7 7 -9 9 10 -12 -13 13 -15
leaf_value=-0.0039054601749236835 -0.0045228507705792412 0.0094288096634735329 0.0035596145266594357 -0.0033551354998572996 -0.00059172689397081002 -0.0029253513494684 0.011235498653591745 0.0029400735371746126 -0.0023816130974448676 0.0040354648575053687 0.00023100327733843729 0.0036380883762675469 5.2957366872032633e-05 -0.0056657991970215388
leaf_weight=329 141 29 141 504 1449 181 56 120 259 175 3992 800 341 123
leaf_count=329 141 29 141 504 1449 181 56 120 259 175 3992 800 341 123
internal_value=-1.52015e-11 0.000535852 -0.0013749 -0.000977314 -0.00130486 0.000653244 0.000763122 0.00557953 0.000614899 0.000569977 0.000710736 0.00204159 4.28349e-05 -0.00146301
internal_weight=8640 6217 2423 2094 1953 6076 5895 176 5719 5690 5431 1439 639 464
internal_count=8640 6217 2423 2094 1953 6076 5895 176 5719 5690 5431 1439 639 464
is_linear=0
shrinkage=0.05


Tree=27
num_leaves=15
num_cat=0
split_feature=7 4 3 5 0 3 3 5 5 8 4 5 5 5
split_gain=2.36031 1.71602 1.45083 1.23852 1.31856 1.01685 0.892009 1.39192 1.17325 1.16436 0.98089 0.921502 0.919045 1.31515
threshold=1.2710450643291742 19.450000000000003 26.050000000000004 14.750000000000002 60.000000000000007 26.650000000000002 26.750000000000004 27.750000000000004 26.050000000000004 27.850000000000001 27.250000000000004 43.45000000000001 34.250000000000007 30.350000000000005
decision_type=2 2 2 2 2 2 2 2 2 2 2 2 2 2
left_child=6 -2 3 -3 -5 -4 8 -8 -1 -9 -10 12 13 -11
right_child=1 2 5 4 -6 -7 7 9 10 11 -12 -13 -14 -15
leaf_value=0.00095734452953230229 -0.0013417123858867602 -0.0051300990058386585 -0.0021216284467813953 0.0044772992953011166 0.00067051232552204308 0.00096302537727448742 0.002188481297421236 -0.0049194748381986945 -0.0041535156835599777 0.00023794116773779244 -0.0011353408790955569 -0.0054886459912328669 0.0024588492986759567 -0.0026254994232148849
leaf_weight=282 781 47 301 664 346 2377 452 163 546 1197 531 90 260 603
leaf_count=282 781 47 301 664 346 2377 452 163 546 1197 531 90 260 603
internal_value=-3.64585e-12 0.000789733 0.00123542 0.00280398 0.00317319 0.000616319 -0.0008648 -0.000349265 -0.0019137 -0.000845185 -0.00266545 -0.000536297 -0.000319932 -0.000721311
internal_weight=8640 4516 3735 1057 1010 2678 4124 2765 1359 2313 1077 2150 2060 1800
internal_count=8640 4516 3735 1057 1010 2678 4124 2765 1359 2313 1077 2150 2060 1800
is_linear=0
shrinkage=0.05


Tree=28
num_leaves=15
num_cat=0
split_feature=7 4 3 5 0 4 8 3 3 4 2 5 3 0
split_gain=2.13018 1.54871 1.30937 1.11777 1.19 0.935064 1.99528 1.05483 0.829659 1.04038 0.829258 1.04474 1.72465 0.828419
threshold=1.2710450643291742 19.450000000000003 26.050000000000004 14.750000000000002 60.000000000000007 34.45000000000001 32.483333333333341 29.450000000000003 14.15 22.250000000000004 86.003450000000015 27.650000000000002 27.650000000000002 36.000000000000007
decision_type=2 2 2 2 2 2 2 2 2 2 2 2 2 2
left_child=10 -2 3 -3 8 6 -4 -7 -5 -10 11 12 -1 -12
right_child=1 2 5 4 -6 7 -8 -9 9 -11 13 -13 -14 -15
leaf_value=0.00065880035356645538 -0.0012746267694450448 -0.0048735939897596838 0.0002452208277870366 0.013800984781912782 0.00063698666933668252 0.0074447965274254489 -0.0074993784925688747 0.0012970003620451295 0.0011672489519957703 0.0053946593195206361 -0.0034487040743885582 -0.00078597780024808783 0.0096084470864238429 -0.00091908790479032238
leaf_weight=458 781 47 1514 22 346 75 88 1001 223 419 495 2175 61 935
leaf_count=458 781 47 1514 22 346 75 88 1001 223 419 495 2175 61 935
internal_value=-7.14543e-12 0.000750246 0.00117365 0.00266378 0.00301453 0.000585503 -0.0001802 0.00172552 0.00425343 0.00392626 -0.00082156 -0.000304995 0.00171069 -0.00179472
internal_weight=8640 4516 3735 1057 1010 2678 1602 1076 664 642 4124 2694 519 1430
internal_count=8640 4516 3735 1057 1010 2678 1602 1076 664 642 4124 2694 519 1430
is_linear=0
shrinkage=0.05


Tree=29
num_leaves=15
num_cat=0
split_feature=7 4 5 3 6 4 8 7 3 5 4 4 4 5
split_gain=1.93784 1.2405 0.861453 1.47666 0.95271 0.881428 0.851837 0.841134 0.829202 1.13151 0.940229 0.797512 0.933114 1.69298
threshold=0.89566858950296113 14.15 37.350000000000001 35.95000000000001 5.1000000000000005 38.850000000000001 10.950000000000001 2.2874050125248675 25.850000000000005 26.450000000000003 27.750000000000004 42.95000000000001 36.550000000000004 33.350000000000001
decision_type=2 2 2 2 2 2 2 2 2 2 2 2 2 2
left_child=8 7 3 6 -5 -4 -3 -2 -1 -10 -11 12 13 -8
right_child=1 2 5 4 -6 -7 11 -9 9 10 -12 -13 -14 -15
leaf_value=-0.0035329928262584549 -0.0073500913484687257 0.0090881863592899067 -0.010497777151965327 0.010305405973534411 0.0025446846879464738 -0.0012363855825581898 0.00053960660471765549 0.00051918837421557364 0.0034928350083543165 -0.0030053032085561428 -0.00049810611886814949 -0.0052859476166658929 0.0025359020413569973 -0.0039940025001157856
leaf_weight=329 84 29 31 60 116 150 4877 57 141 504 1449 59 539 215
leaf_count=329 84 29 31 60 116 150 4877 57 141 504 1449 59 539 215
internal_value=-9.54338e-14 0.000467475 0.000575067 0.000679389 0.00519039 -0.00282259 0.000540565 -0.00416889 -0.00119946 -0.000832827 -0.00114512 0.000497 0.000557592 0.000348184
internal_weight=8640 6217 6076 5895 176 181 5719 141 2423 2094 1953 5690 5631 5092
internal_count=8640 6217 6076 5895 176 181 5719 141 2423 2094 1953 5690 5631 5092
is_linear=0
shrinkage=0.05


Tree=30
num_leaves=15
num_cat=0
split_feature=7 8 3 4 7 7 6 6 4 3 8 3 5 5
split_gain=1.79978 1.37541 1.38902 1.15245 1.05843 1.04084 0.89411 0.871736 0.840321 0.801538 1.10739 0.759641 1.22893 1.05498
threshold=1.2710450643291742 17.150000000000006 25.650000000000002 23.750000000000004 2.5121918679151691 1.7211107524567451 4.4000000000000048 3.9999999999999978 15.15 14.15 15.550000000000001 26.750000000000004 27.450000000000003 25.850000000000005
decision_type=2 2 2 2 2 2 2 2 2 2 2 2 2 2
left_child=11 4 3 5 6 7 8 -3 -2 10 -6 13 -13 -1
right_child=1 2 -4 -5 9 -7 -8 -9 -10 -11 -12 12 -14 -15
leaf_value=0.0014553176064775689 -0.0057517808402048022 0.0029754669351136163 0.00056902657416695978 0.0049001060497293903 0.0011124257237403671 -0.00040834815135104173 -0.0035240532744018507 0.013305686542298646 0.0023198781329953413 -0.0066698267160413358 0.010914131637443515 0.0026869953991970237 -0.00065399095268178905 -0.0023337045580838255
leaf_weight=219 41 137 2788 385 189 322 419 24 151 26 34 310 2455 1140
leaf_count=219 41 137 2788 385 189 322 419 24 151 26 34 310 2455 1140
internal_value=1.26547e-11 0.000689612 0.00111282 0.00285948 -0.00110952 0.00123289 -0.0022293 0.00451538 0.000596243 0.00163821 0.00260686 -0.000755162 -0.000279414 -0.00172311
internal_weight=8640 4516 3656 868 860 483 611 161 192 249 223 4124 2765 1359
internal_count=8640 4516 3656 868 860 483 611 161 192 249 223 4124 2765 1359
is_linear=0
shrinkage=0.05


Tree=31
num_leaves=15
num_cat=0
split_feature=7 4 5 3 4 8 6 7 3 5 4 4 4 5
split_gain=1.62952 1.04756 0.778489 1.26863 1.01203 0.763365 0.746869 0.739677 0.736773 1.05142 1.15843 0.722963 0.985722 1.55357
threshold=0.89566858950296113 14.15 37.550000000000004 35.95000000000001 39.550000000000004 10.950000000000001 5.1000000000000005 2.1483844059096038 25.850000000000005 26.750000000000004 27.750000000000004 42.050000000000004 36.550000000000004 33.350000000000001
decision_type=2 2 2 2 2 2 2 2 2 2 2 2 2 2
left_child=8 7 3 5 -4 -3 -5 -2 -1 -10 -11 12 13 -7
right_child=1 2 4 6 -6 11 -8 -9 9 10 -12 -13 -14 -15
leaf_value=-0.0032995452109273482 -0.0078041461296379571 0.0085861495870631199 -0.010515177545740325 0.0091516876186702456 -0.00088459190286601481 0.00049451211902310627 0.0023889990397759089 -0.00053027942580134648 0.0024747941571679095 -0.0034167876723641098 -0.00046156139446306527 -0.0041509330454227028 0.0025980974285574436 -0.0038387936136806038
leaf_weight=329 64 29 34 63 138 4877 116 77 225 431 1438 84 519 216
leaf_count=329 64 29 34 63 138 4877 116 77 225 431 1438 84 519 216
internal_value=-1.48324e-11 0.000428677 0.000527548 0.000624148 -0.00278831 0.000494548 0.00476916 -0.00383189 -0.00109991 -0.000754313 -0.00114305 0.000453352 0.000522268 0.000310732
internal_weight=8640 6217 6076 5904 172 5725 179 141 2423 2094 1869 5696 5612 5093
internal_count=8640 6217 6076 5904 172 5725 179 141 2423 2094 1869 5696 5612 5093
is_linear=0
shrinkage=0.05


end of trees

feature_importances:
Column_5=137
Column_4=84
Column_3=72
Column_7=42
Column_1=35
Column_8=28
Column_6=21
Column_0=17
Column_2=12

parameters:
[boosting: gbdt]
[objective: regression]
[metric: l2]
[tree_learner: serial]
[device_type: cpu]
[data_sample_strategy: bagging]
[data: ]
[valid: ]
[num_iterations: 100]
[learning_rate: 0.05]
[num_leaves: 15]
[num_threads: 0]
[seed: 42]
[deterministic: 0]
[force_col_wise: 0]
[force_row_wise: 0]
[histogram_pool_size: -1]
[max_depth: -1]
[min_data_in_leaf: 20]
[min_sum_hessian_in_leaf: 0.001]
[bagging_fraction: 1]
[pos_bagging_fraction: 1]
[neg_bagging_fraction: 1]
[bagging_freq: 0]
[bagging_seed: 400]
[bagging_by_query: 0]
[feature_fraction: 1]
[feature_fraction_bynode: 1]
[feature_fraction_seed: 30056]
[extra_trees: 0]
[extra_seed: 12879]
[early_stopping_round: 0]
[early_stopping_min_delta: 0]
[first_metric_only: 0]
[max_delta_step: 0]
[lambda_l1: 0]
[lambda_l2: 0]
[linear_lambda: 0]
[min_gain_to_split: 0]
[drop_rate: 0.1]
[max_drop: 50]
[skip_drop: 0.5]
[xgboost_dart_mode: 0]
[uniform_drop: 0]
[drop_seed: 17869]
[top_rate: 0.2]
[other_rate: 0.1]
[min_data_per_group: 100]
[max_cat_threshold: 32]
[cat_l2: 10]
[cat_smooth: 10]
[max_cat_to_onehot: 4]
[top_k: 20]
[monotone_constraints: ]
[monotone_constraints_method: basic]
[monotone_penalty: 0]
[feature_contri: ]
[forcedsplits_filename: ]
[refit_decay_rate: 0.9]
[cegb_tradeoff: 1]
[cegb_penalty_split: 0]
[cegb_penalty_feature_lazy: ]
[cegb_penalty_feature_coupled: ]
[path_smooth: 0]
[interaction_constraints: ]
[verbosity: -1]
[saved_feature_importance_type: 0]
[use_quantized_grad: 0]
[num_grad_quant_bins: 4]
[quant_train_renew_leaf: 0]
[stochastic_rounding: 1]
[linear_tree: 0]
[max_bin: 255]
[max_bin_by_feature: ]
[min_data_in_bin: 3]
[bin_construct_sample_cnt: 200000]
[data_random_seed: 175]
[is_enable_sparse: 1]
[enable_bundle: 1]
[use_missing: 1]
[zero_as_missing: 0]
[feature_pre_filter: 1]
[pre_partition: 0]
[two_round: 0]
[header: 0]
[label_column: ]
[weight_column: ]
[group_column: ]
[ignore_column: ]
[categorical_feature: ]
[forcedbins_filename: ]
[precise_float_parser: 0]
[parser_config_file: ]
[objective_seed: 16083]
[num_class: 1]
[is_unbalance: 0]
[scale_pos_weight: 1]
[sigmoid: 1]
[boost_from_average: 1]
[reg_sqrt: 0]
[alpha: 0.9]
[fair_c: 1]
[poisson_max_delta_step: 0.7]
[tweedie_variance_power: 1.5]
[lambdarank_truncation_level: 30]
[lambdarank_norm: 1]
[label_gain: ]
[lambdarank_position_bias_regularization: 0]
[eval_at: ]
[multi_error_top_k: 1]
[auc_mu_weights: ]
[num_machines: 1]
[local_listen_port: 12400]
[time_out: 120]
[machine_list_filename: ]
[machines: ]
[gpu_platform_id: -1]
[gpu_device_id: -1]
[gpu_device_id_list: ]
[gpu_use_dp: 0]
[num_gpu: 1]

end of parameters

pandas_categorical:null
