tree
version=v4
num_class=1
num_tree_per_iteration=1
label_index=0
max_feature_idx=8
objective=regression
feature_names=Column_0 Column_1 Column_2 Column_3 Column_4 Column_5 Column_6 Column_7 Column_8
feature_infos=[24:72] [13.082700000000001:34.1526] [72.877700000000004:91.736199999999997] [0:11.5] [0:55.399999999999999] [0:45.299999999999997] [0:55.199999999999996] [0:25.904482666562213] [0:18.766666666666669]
tree_sizes=1397 1474 1480 1468 1465 1465 1463 1484 1469 1480 1487 1479 1483 1487 1483 1487 1483 1493 1486 1486 1486 1491 1487 1485 1485 1492 1489 1486 1472 1475 1484 1488 1489 1489 1477 1487 1473 1501 1490 1484 1494 1498 1483 1492 1469 1463 1494 1495 1497 1477 1480 1462 1468 1491 1453 1487 1482

Tree=0
num_leaves=15
num_cat=0
split_feature=3 4 1 1 5 8 7 5 4 6 5 3 7 5
split_gain=15.6285 12.5797 5.76559 5.06225 3.34317 3.23772 1.8359 1.48464 1.30711 1.21769 0.88189 0.875201 0.842472 0.85018
threshold=0.65000000000000002 0.45000000000000007 27.379200000000004 16.079350000000005 0.8500000000000002 4.5833333333333348 0.30175632269705926 0.75000000000000011 2.1500000000000008 2.4500000000000006 0.55000000000000016 0.15000000000000005 0.3814924233629165 0.55000000000000016
decision_type=2 2 2 2 2 2 2 2 2 2 2 2 2 2
left_child=1 6 3 -2 12 7 -1 9 -6 -5 -4 -8 -3 -14
right_child=2 4 10 5 8 -7 11 -9 -10 -11 -12 -13 13 -15
leaf_value=0.33277427437488616 0.32067875041506627 0.33566686285996677 0.31942539878633924 0.3298948117321957 0.34306834155350924 0.3443919083115356 0.33828871966133944 0.33229063761270833 0.35368829510613753 0.32501029091543854 0.32518997037766106 0.33407982881499604 0.33846226280503788 0.34668317913861185
leaf_weight=5476 138 298 155 630 196 42 221 549 34 160 116 280 310 35
leaf_count=5476 138 298 155 630 196 42 221 549 34 160 116 280 310 35
internal_value=0.332771 0.333858 0.328611 0.32981 0.339465 0.330722 0.333039 0.330293 0.344638 0.328906 0.321893 0.335936 0.337614 0.339296
internal_weight=8640 6850 1790 1519 873 1381 5977 1339 230 790 271 501 643 345
internal_count=8640 6850 1790 1519 873 1381 5977 1339 230 790 271 501 643 345
is_linear=0
shrinkage=1


Tree=1
num_leaves=15
num_cat=0
split_feature=3 4 1 1 5 8 7 5 4 6 3 3 5 4
split_gain=14.1047 11.3532 5.20345 4.56868 3.01721 2.92204 1.6569 1.33989 1.17967 1.09897 0.821622 0.808454 0.795906 0.771885
threshold=0.65000000000000002 0.45000000000000007 27.379200000000004 16.079350000000005 0.8500000000000002 4.5833333333333348 0.30175632269705926 0.75000000000000011 2.1500000000000008 2.4500000000000006 0.25000000000000006 1.0000000180025095e-35 0.55000000000000016 1.2500000000000002
decision_type=2 2 2 2 2 2 2 2 2 2 2 2 2 2
left_child=1 6 3 -2 10 7 -1 9 -6 -5 -3 -8 -4 -14
right_child=2 4 12 5 8 -7 11 -9 -10 -11 -12 -13 13 -15
leaf_value=2.9545616754747375e-06 -0.011487793190188814 0.0060078258873069064 -0.012678477159070393 -0.002732534984880615 0.0097823183323085608 0.011039707543594499 0.0063825625102017936 -0.00045650038523581486 0.019871274294222103 -0.0073728298027708672 0.0023303592691951143 0.0018118913194504441 -0.0090637779717023179 0.0017337563447654249
leaf_weight=5476 138 397 155 630 196 42 131 549 34 160 246 370 96 20
leaf_count=5476 138 397 155 630 196 42 131 549 34 160 246 370 96 20
internal_value=-1.71857e-11 0.0010327 -0.00395197 -0.00281331 0.00635892 -0.00194649 0.000254759 -0.00235382 0.0112737 -0.00367234 0.00460089 0.00300702 -0.0103344 -0.00720213
internal_weight=8640 6850 1790 1519 873 1381 5977 1339 230 790 643 501 271 116
internal_count=8640 6850 1790 1519 873 1381 5977 1339 230 790 643 501 271 116
is_linear=0
shrinkage=0.05


Tree=2
num_leaves=15
num_cat=0
split_feature=3 4 1 1 5 8 7 5 4 6 3 3 3 7
split_gain=12.7295 10.2463 4.69611 4.12323 2.72303 2.64368 1.49535 1.23204 1.06465 0.914237 0.769298 0.768523 0.750372 0.737337
threshold=0.65000000000000002 0.45000000000000007 27.379200000000004 16.079350000000005 0.8500000000000002 5.7166666666666677 0.30175632269705926 0.75000000000000011 2.1500000000000008 2.4500000000000006 0.25000000000000006 0.45000000000000007 0.45000000000000007 0.99163022768896136
decision_type=2 2 2 2 2 2 2 2 2 2 2 2 2 2
left_child=1 6 3 -2 11 7 10 9 -6 13 -1 -3 -8 -5
right_child=2 4 -4 5 8 -7 12 -9 -10 -11 -12 -13 -14 -15
leaf_value=0.00020023081110367888 -0.010913403407144159 0.0051903600833777871 -0.0098176418760244997 -0.0029135470589001975 0.0092932026035019346 0.01235475589055568 0.0038530726137219295 -0.00038703211223271926 0.018877710248617566 -0.0068177751108558608 -0.0017761745641239576 0.00072472480034960782 -0.00090120971058717096 0.0066156211264786274
leaf_weight=4929 138 525 271 609 196 32 396 558 34 161 547 118 105 21
leaf_count=4929 138 525 271 609 196 32 396 558 34 161 547 118 105 21
internal_value=1.02954e-11 0.00098107 -0.00375437 -0.00267264 0.00604097 -0.00184916 0.000242021 -0.0021861 0.01071 -0.00345523 2.80683e-06 0.00437085 0.00285667 -0.00259591
internal_weight=8640 6850 1790 1519 873 1381 5977 1349 230 791 5476 643 501 630
internal_count=8640 6850 1790 1519 873 1381 5977 1349 230 791 5476 643 501 630
is_linear=0
shrinkage=0.05


Tree=3
num_leaves=15
num_cat=0
split_feature=3 4 1 5 8 3 3 7 1 3 4 6 3 1
split_gain=11.5191 9.31382 3.90649 3.44855 2.73983 2.49446 2.01855 1.69948 1.65067 1.55794 1.42721 1.26925 0.650599 0.639251
threshold=0.95000000000000007 0.45000000000000007 27.379200000000004 0.8500000000000002 1.716666666666667 0.55000000000000016 4.9500000000000011 0.27265482080417314 16.079350000000005 0.45000000000000007 2.1500000000000008 4.1500000000000012 1.7500000000000002 16.079350000000005
decision_type=2 2 2 2 2 2 2 2 2 2 2 2 2 2
left_child=1 5 4 9 8 7 11 -1 -2 -3 -5 12 -6 -7
right_child=2 3 -4 10 6 13 -8 -9 -10 -11 -12 -13 -14 -15
leaf_value=3.9041867904911331e-05 -0.010880401101377276 0.0049308418394066397 -0.010177909543353446 0.008381976538726495 0.008018498495221139 -0.0091385575906875044 -0.0079457702626492457 0.0030812781790305727 -0.0037116382107132383 0.00010216943506265477 0.018464051187038422 0.0069125294835040612 -0.0017586391699871075 -0.0031379292152453951
leaf_weight=5367 90 525 229 244 20 52 51 502 745 245 41 112 114 303
leaf_count=5367 90 525 229 244 20 52 51 502 745 245 41 112 114 303
internal_value=-8.43396e-12 0.000789434 -0.00422211 0.0051336 -0.00301727 5.30755e-05 0.00110725 0.000299257 -0.00448432 0.00339445 0.00983238 0.0029841 -0.000299365 -0.00401689
internal_weight=8640 7279 1361 1055 1132 6224 297 5869 835 770 285 246 134 355
internal_count=8640 7279 1361 1055 1132 6224 297 5869 835 770 285 246 134 355
is_linear=0
shrinkage=0.05


Tree=4
num_leaves=15
num_cat=0
split_feature=3 4 1 5 8 3 3 7 5 3 4 6 8 8
split_gain=10.396 8.40573 3.52561 3.11231 2.4727 2.25125 1.82174 1.53378 1.52256 1.40604 1.28806 1.1455 0.627448 0.787611
threshold=0.95000000000000007 0.45000000000000007 27.379200000000004 0.8500000000000002 1.716666666666667 0.55000000000000016 4.9500000000000011 0.27265482080417314 1.0000000180025095e-35 0.45000000000000007 2.1500000000000008 4.1500000000000012 2.2500000000000004 6.4000000000000012
decision_type=2 2 2 2 2 2 2 2 2 2 2 2 2 2
left_child=1 5 4 9 8 7 11 -1 -2 -3 -5 -6 -13 -14
right_child=2 3 -4 10 6 -7 -8 -9 -10 -11 -12 12 13 -15
leaf_value=3.7089765139067458e-05 -0.0082761252901273896 0.0046842998274868094 -0.0096690140865889566 0.0079628779648299348 -0.0002843966911748441 -0.0038160498274988695 -0.0075484818559797377 0.0029272143252847202 -0.0031250064142159945 9.7060977215213435e-05 0.017540848654944721 0.013928651581923274 0.0020505455336259568 0.013128431141376497
leaf_weight=5367 184 525 229 244 134 355 51 502 651 245 41 23 68 21
leaf_count=5367 184 525 229 244 134 355 51 502 651 245 41 23 68 21
internal_value=-1.19767e-12 0.000749963 -0.00401101 0.00487692 -0.00286641 5.04217e-05 0.00105189 0.000284294 -0.0042601 0.00322472 0.00934076 0.00283489 0.0065669 0.00466443
internal_weight=8640 7279 1361 1055 1132 6224 297 5869 835 770 285 246 112 89
internal_count=8640 7279 1361 1055 1132 6224 297 5869 835 770 285 246 112 89
is_linear=0
shrinkage=0.05


Tree=5
num_leaves=15
num_cat=0
split_feature=3 7 5 4 4 5 1 5 2 4 3 2 8 3
split_gain=9.41107 7.85137 3.53264 2.26252 1.73253 1.73808 1.70631 1.2009 1.06192 1.05521 0.723704 0.615614 0.61423 0.571686
threshold=0.65000000000000002 0.30175632269705926 0.15000000000000005 5.8000000000000016 0.35000000000000003 0.55000000000000016 27.379200000000004 4.2500000000000009 86.003450000000015 2.1500000000000008 0.45000000000000007 75.043350000000018 1.0166666666666671 0.95000000000000007
decision_type=2 2 2 2 2 2 2 2 2 2 2 2 2 2
left_child=1 -1 8 6 10 -6 7 -4 11 -7 -3 13 -10 -2
right_child=2 4 3 -5 5 9 -8 -9 12 -11 -12 -13 -14 -15
leaf_value=8.997777056003384e-05 0.0025490552186965944 0.0033131938247258422 -0.0019402304969151135 0.014764727707952261 0.0041954871883644216 0.0080768913860794992 -0.0068694072990463338 0.0043050784889765714 -0.0018392806562284631 0.016798510493301763 -0.0015711402325388536 -0.01016217295207422 -0.0076196355594007614 -0.0086041803437250635
leaf_weight=5717 20 376 1060 20 396 225 169 83 114 41 95 220 77 27
leaf_count=5717 20 376 1060 20 396 225 169 83 114 41 95 220 77 27
internal_value=5.8115e-12 0.000843556 -0.00322813 -0.00192564 0.00464603 0.00629525 -0.00218007 -0.00148672 -0.00701616 0.0094212 0.00232803 -0.00905247 -0.00416958 -0.00385812
internal_weight=8640 6850 1790 1332 1133 662 1312 1143 458 266 471 267 191 47
internal_count=8640 6850 1790 1332 1133 662 1312 1143 458 266 471 267 191 47
is_linear=0
shrinkage=0.05


Tree=6
num_leaves=15
num_cat=0
split_feature=3 4 1 5 8 3 3 1 6 3 4 6 8 8
split_gain=8.5848 7.05737 2.91133 2.62391 2.07832 1.88059 1.57809 1.27933 1.26664 1.18251 1.05244 0.941384 0.607195 0.677321
threshold=0.95000000000000007 0.45000000000000007 27.379200000000004 0.8500000000000002 1.716666666666667 0.55000000000000016 4.9500000000000011 16.079350000000005 0.54999999999999993 0.45000000000000007 2.1500000000000008 4.1500000000000012 2.2500000000000004 6.4000000000000012
decision_type=2 2 2 2 2 2 2 2 2 2 2 2 2 2
left_child=1 5 4 9 7 8 11 -2 -1 -3 -5 -6 -13 -14
right_child=2 3 -4 10 6 -7 -8 -9 -10 -11 -12 12 13 -15
leaf_value=1.8315837735833628e-05 -0.009513360777248939 0.0042845151833635535 -0.0087864253141787148 0.0073161624667337777 -0.00018078975254363981 -0.0034933434378332791 -0.0070171343929627365 -0.0032022681166866173 0.0025408446080329573 7.7682078564456406e-05 0.015973891390532981 0.013272143013613381 0.0017346948176375863 0.012007715907834825
leaf_weight=5320 90 525 229 244 134 355 51 745 549 245 41 23 68 21
leaf_count=5320 90 525 229 244 134 355 51 745 549 245 41 23 68 21
internal_value=8.31101e-12 0.000681509 -0.0036449 0.00446301 -0.00260478 4.05249e-05 0.000987478 -0.00388251 0.000254279 0.00294598 0.00856166 0.00264697 0.00603018 0.00415867
internal_weight=8640 7279 1361 1055 1132 6224 297 835 5869 770 285 246 112 89
internal_count=8640 7279 1361 1055 1132 6224 297 835 5869 770 285 246 112 89
is_linear=0
shrinkage=0.05


Tree=7
num_leaves=15
num_cat=0
split_feature=3 4 1 5 8 3 3 5 6 3 4 6 3 3
split_gain=7.74778 6.36928 2.62748 2.36808 1.87568 1.69723 1.42423 1.19259 1.14314 1.06722 0.949826 0.849599 0.592146 0.583663
threshold=0.95000000000000007 0.45000000000000007 27.379200000000004 0.8500000000000002 1.716666666666667 0.55000000000000016 4.9500000000000011 1.0000000180025095e-35 0.54999999999999993 0.45000000000000007 2.1500000000000008 4.1500000000000012 1.0000000180025095e-35 1.7500000000000002
decision_type=2 2 2 2 2 2 2 2 2 2 2 2 2 2
left_child=1 5 4 9 7 8 11 -2 -1 -3 -5 13 -10 -6
right_child=2 3 -4 10 6 -7 -8 -9 12 -11 -12 -13 -14 -15
leaf_value=1.7400044105711562e-05 -0.0072426792145605483 0.0040702894210948477 -0.008347104004214163 0.0069503542120028369 0.0077066177129745481 -0.0033186762816679312 -0.0066662776630883117 -0.0026837859444813583 0.0050085286245011035 7.3797989499251685e-05 0.015175196492090461 0.0057286744310009194 0.0013745880286459935 -0.0015539200521041557
leaf_weight=5320 184 525 229 244 20 355 51 651 157 245 41 112 392 114
leaf_count=5320 184 525 229 244 20 355 51 651 157 245 41 112 392 114
internal_value=-6.01232e-13 0.000647433 -0.00346265 0.00423986 -0.00247454 3.84987e-05 0.000938104 -0.00368838 0.000241565 0.00279868 0.00813358 0.00251462 0.0024138 -0.00017175
internal_weight=8640 7279 1361 1055 1132 6224 297 835 5869 770 285 246 549 134
internal_count=8640 7279 1361 1055 1132 6224 297 835 5869 770 285 246 549 134
is_linear=0
shrinkage=0.05


Tree=8
num_leaves=15
num_cat=0
split_feature=3 4 1 5 1 3 7 8 3 6 4 8 3 3
split_gain=6.99238 5.79263 2.3713 2.05732 1.76401 1.56786 2.0988 1.31762 1.38235 0.976411 0.947862 0.819461 0.723848 0.693177
threshold=0.95000000000000007 0.8500000000000002 27.379200000000004 0.65000000000000002 16.079350000000005 0.55000000000000016 0.22586347517122232 1.7500000000000002 4.9500000000000011 4.1500000000000012 2.1500000000000008 2.2500000000000004 0.15000000000000005 0.35000000000000003
decision_type=2 2 2 2 2 2 2 2 2 2 2 2 2 2
left_child=1 5 4 13 -2 6 -1 -6 9 -9 -5 -11 -8 -3
right_child=2 3 -4 10 7 -7 12 8 -10 11 -12 -13 -14 -15
leaf_value=1.4220341158572849e-05 -0.0089480837306348242 0.0046078433651032284 -0.0079297488443503886 0.0071571538234621356 -0.0028576429384936188 -0.0027285676590812122 0.0042628954410546035 -0.00022385296573143774 -0.0063329638401959463 0.015108067333875669 0.01496946822319712 0.0041034049913822408 0.0012294407132650157 0.00057586779642658113
leaf_weight=5373 93 268 229 187 753 438 402 127 51 21 49 87 385 177
leaf_count=5373 93 268 229 187 753 438 402 127 51 21 49 87 385 177
internal_value=-1.06592e-12 0.000615062 -0.00328952 0.00500547 -0.00235081 0.000161915 0.000367439 -0.0017603 0.00112886 0.00274824 0.0087792 0.0062432 0.00277893 0.00300411
internal_weight=8640 7279 1361 681 1132 6598 6160 1039 286 235 236 108 787 445
internal_count=8640 7279 1361 681 1132 6598 6160 1039 286 235 236 108 787 445
is_linear=0
shrinkage=0.05


Tree=9
num_leaves=15
num_cat=0
split_feature=3 4 2 5 3 5 4 3 8 5 7 4 3 3
split_gain=6.34855 5.23334 2.13534 1.90682 1.66028 1.4405 1.39374 0.909084 0.89918 0.823896 0.724602 0.645668 0.630837 0.608694
threshold=1.0500000000000003 0.35000000000000003 86.003450000000015 0.65000000000000002 0.55000000000000016 0.35000000000000003 2.1500000000000008 0.15000000000000005 1.7500000000000002 0.35000000000000003 0.34791862132028145 1.1500000000000001 0.15000000000000005 3.5500000000000003
decision_type=2 2 2 2 2 2 2 2 2 2 2 2 2 2
left_child=1 4 5 7 9 -2 10 -3 13 -1 -5 -7 -11 -4
right_child=2 3 8 6 -6 11 -8 -9 -10 12 -12 -13 -14 -15
leaf_value=-4.7257924582025238e-05 -0.0082455955284506319 0.0040550298636598571 -0.0021253754964707565 0.0025913572285708435 -0.0031392164671325325 -0.0046385942478469463 0.014072557300329209 0.00064546824559091995 0.0012416620415245669 0.0033246347008967221 0.0070296197215111954 0.00011626155951953665 0.00037629201482358368 -0.0095283613353967667
leaf_weight=5028 257 340 373 157 403 263 50 460 230 340 222 98 389 30
leaf_count=5028 257 340 373 157 403 263 50 460 230 340 222 98 389 30
internal_value=5.77022e-12 0.000557681 -0.00329393 0.00353676 -3.66824e-05 -0.00538459 0.00622622 0.00209453 -0.00125282 0.0001805 0.00519108 -0.0033478 0.00175138 -0.00267647
internal_weight=8640 7389 1251 1229 6160 618 429 800 633 5757 379 361 729 403
internal_count=8640 7389 1251 1229 6160 618 429 800 633 5757 379 361 729 403
is_linear=0
shrinkage=0.05


Tree=10
num_leaves=15
num_cat=0
split_feature=3 4 1 1 5 8 4 5 3 7 4 3 5 2
split_gain=5.73289 4.77029 2.24569 1.89007 1.66797 1.51551 0.866952 0.717239 0.698784 1.19368 0.670105 0.648678 0.512168 0.470766
threshold=0.75000000000000011 0.45000000000000007 27.379200000000004 16.079350000000005 0.65000000000000002 5.7166666666666677 2.1500000000000008 1.1500000000000001 0.25000000000000006 0.1330716345648871 1.0000000180025095e-35 0.15000000000000005 0.55000000000000016 75.043350000000018
decision_type=2 2 2 2 2 2 2 2 2 2 2 2 2 2
left_child=1 8 3 -2 11 7 -6 -5 9 -1 -10 -3 -4 -11
right_child=2 4 12 5 6 -7 -8 -9 10 13 -12 -13 -14 -15
leaf_value=5.8981640381293217e-05 -0.007872229295317083 0.0040955629173960017 -0.0089496433940427066 -0.0023893649134158475 0.005821777923482447 0.009441081969998778 0.013448872989000278 0.00028359128779525451 -0.0026740543966297992 -0.00055714899025784408 0.00010948004467946293 0.00086810955045883329 -0.004436796260179599 0.0032026945758651055
leaf_weight=4671 120 298 145 834 279 32 43 359 412 102 455 326 111 453
leaf_count=4671 120 298 145 834 279 32 43 359 412 102 455 326 111 453
internal_value=1.20517e-11 0.000614243 -0.0027006 -0.00188362 0.00391761 -0.00129698 0.0068403 -0.00158501 0.000101362 0.000319459 -0.00121326 0.00240943 -0.0069929 0.0025117
internal_weight=8640 7039 1601 1345 946 1225 322 1193 6093 5226 867 624 256 555
internal_count=8640 7039 1601 1345 946 1225 322 1193 6093 5226 867 624 256 555
is_linear=0
shrinkage=0.05


Tree=11
num_leaves=15
num_cat=0
split_feature=3 4 2 5 2 3 7 8 8 3 3 3 3 7
split_gain=5.26155 4.47982 1.76728 1.67466 1.2034 1.2026 1.69814 0.771037 0.761591 0.567888 0.560022 0.545236 0.512833 0.528585
threshold=1.0500000000000003 1.0500000000000003 86.003450000000015 0.55000000000000016 75.043350000000018 0.55000000000000016 0.22586347517122232 0.4166666666666668 1.7500000000000002 0.35000000000000003 1.7500000000000002 3.5500000000000003 1.0000000180025095e-35 1.6162288320406588
decision_type=2 2 2 2 2 2 2 2 2 2 2 2 2 2
left_child=1 5 4 9 -2 6 -1 -7 11 -3 -10 -4 -8 -14
right_child=2 3 8 -5 -6 7 12 -9 10 -11 -12 -13 13 -15
leaf_value=2.1888798134243102e-05 -0.0027852373502813051 0.0042934345578959322 -0.0019304526926719912 0.0083279570686008563 -0.0072019162091483185 -0.0046279624839371536 0.0042535055238896837 -0.00072830168172750181 0.0066997371417911429 0.00014454960353086117 5.628094510636098e-05 -0.0089369302739699692 0.0012587127081937393 0.0076707265065873373
leaf_weight=5384 322 212 373 211 296 192 260 373 38 135 192 30 588 34
leaf_count=5384 322 212 373 211 296 192 260 373 38 135 192 30 588 34
internal_value=5.32097e-13 0.000507699 -0.00299871 0.00481527 -0.00490067 0.000155828 0.000355041 -0.0020535 -0.00114182 0.00267932 0.0011539 -0.00245203 0.00238871 0.00160921
internal_weight=8640 7389 1251 558 618 6831 6266 565 633 347 230 403 882 622
internal_count=8640 7389 1251 558 618 6831 6266 565 633 347 230 403 882 622
is_linear=0
shrinkage=0.05


Tree=12
num_leaves=15
num_cat=0
split_feature=3 4 2 5 5 3 6 1 8 1 4 3 3 8
split_gain=4.74855 4.04304 1.59497 1.51138 1.15747 1.08535 1.53719 0.710405 0.687336 0.560573 0.557698 0.513818 0.512519 0.505572
threshold=1.0500000000000003 1.0500000000000003 86.003450000000015 0.55000000000000016 0.35000000000000003 0.55000000000000016 0.4000000000000003 16.079350000000005 1.7500000000000002 27.379200000000004 1.1500000000000001 1.0000000180025095e-35 0.35000000000000003 0.8500000000000002
decision_type=2 2 2 2 2 2 2 2 2 2 2 2 2 2
left_child=1 5 4 12 -2 6 -1 -7 -4 -9 -6 -8 -3 -13
right_child=2 3 8 -5 10 7 11 9 -10 -11 -12 13 -14 -15
leaf_value=-7.265696333364144e-07 -0.0072202199322553371 0.00407876290622846 -0.0023294253452310096 0.0079115591678588122 -0.0040295200360214748 -0.0068258482919411508 0.0040192432197700464 -0.00068061965656972853 0.0010962007653585676 -0.0057966669166430104 0.00038956465218596313 0.00085951522340162179 0.00013732219727157996 0.0044286054535573275
leaf_weight=5282 257 212 403 211 263 66 268 438 230 61 98 597 135 119
leaf_count=5282 257 212 403 211 263 66 268 438 230 61 98 597 135 119
internal_value=2.73194e-12 0.000482314 -0.00284877 0.00457451 -0.00465564 0.000148037 0.000337289 -0.00195082 -0.00108473 -0.00130603 -0.00282988 0.00215172 0.00254535 0.0014527
internal_weight=8640 7389 1251 558 618 6831 6266 565 633 499 361 984 347 716
internal_count=8640 7389 1251 558 618 6831 6266 565 633 499 361 984 347 716
is_linear=0
shrinkage=0.05


Tree=13
num_leaves=15
num_cat=0
split_feature=3 4 4 2 5 3 5 7 3 4 8 1 1 8
split_gain=4.28557 3.6698 1.49816 1.46671 1.41391 1.16982 0.871813 0.802725 0.738045 0.664489 0.556119 0.484057 0.579046 0.452204
threshold=1.0500000000000003 0.35000000000000003 5.8000000000000016 86.003450000000015 0.95000000000000007 0.45000000000000007 0.25000000000000006 0.22586347517122232 0.45000000000000007 1.0500000000000003 0.68333333333333335 27.379200000000004 16.079350000000005 1.7500000000000002
decision_type=2 2 2 2 2 2 2 2 2 2 2 2 2 2
left_child=1 5 3 6 8 7 -2 -1 10 -6 -3 12 -7 -5
right_child=2 4 -4 13 9 11 -8 -9 -10 -11 -12 -13 -14 -15
leaf_value=-9.1208639742221066e-06 -0.0072787509941762045 0.0021336004560814814 0.010868496131151914 -0.002212954138113283 0.0038816805934870874 -0.0057206889064553637 -0.0032986481810854586 0.0021268846374319717 4.0502104938270587e-06 0.0086592451938204192 0.0055965889295163966 -0.0063850562612984387 -0.00095879190690689405 0.00060970076411902979
leaf_weight=5141 210 469 20 403 167 76 399 481 310 129 154 63 399 219
leaf_count=5141 210 469 20 403 167 76 399 481 310 129 154 63 399 219
internal_value=-2.38468e-12 0.000458198 -0.00270633 -0.00292688 0.00295287 -3.95207e-05 -0.0046711 0.000173629 0.00199763 0.00596379 0.00298962 -0.00226689 -0.0017207 -0.00121913
internal_weight=8640 7389 1251 1231 1229 6160 609 5622 933 296 623 538 475 622
internal_count=8640 7389 1251 1231 1229 6160 609 5622 933 296 623 538 475 622
is_linear=0
shrinkage=0.05


Tree=14
num_leaves=15
num_cat=0
split_feature=3 4 4 2 5 3 7 2 8 4 3 4 8 3
split_gain=3.86772 3.33252 1.35209 1.32371 1.24288 0.983846 1.55783 0.814011 0.573107 0.55305 0.534767 0.411215 0.408114 0.526974
threshold=1.0500000000000003 0.8500000000000002 5.8000000000000016 86.003450000000015 0.75000000000000011 0.45000000000000007 0.22586347517122232 75.043350000000018 0.98333333333333361 1.0000000180025095e-35 0.45000000000000007 2.1500000000000008 1.7500000000000002 1.7500000000000002
decision_type=2 2 2 2 2 2 2 2 2 2 2 2 2 2
left_child=1 5 3 7 10 6 -1 -2 -8 -7 -3 -6 -5 -14
right_child=2 4 -4 12 11 9 8 -9 -10 -11 -12 -13 13 -15
leaf_value=7.9907910665035571e-06 -0.0026657102235064958 0.003551990247249814 0.010325071429833771 -0.0021023063514862333 0.0057773192773685998 -0.0034709240482555014 0.0020352003037623946 -0.0063234928944858456 0.0066926041784746626 -0.00058010733658287285 9.9627267820975954e-05 0.011169520897997751 0.0061091122243346445 -0.00050863283514579547
leaf_weight=5296 314 319 20 403 165 267 615 295 74 435 173 45 36 183
leaf_count=5296 314 319 20 403 165 267 615 295 74 435 173 45 36 183
internal_value=3.09382e-12 0.000435288 -0.00257102 -0.00278054 0.00371254 9.12422e-05 0.000298951 -0.00443754 0.00253541 -0.00167961 0.00233805 0.00693279 -0.00115817 0.000579216
internal_weight=8640 7389 1251 1231 702 6687 5985 609 689 702 492 210 622 219
internal_count=8640 7389 1251 1231 702 6687 5985 609 689 702 492 210 622 219
is_linear=0
shrinkage=0.05


Tree=15
num_leaves=15
num_cat=0
split_feature=3 4 4 2 7 5 3 5 7 2 2 4 6 8
split_gain=3.49062 3.03246 1.22026 1.19464 1.19401 1.10653 0.999423 0.754902 0.717566 0.68713 0.642429 0.481351 0.405092 0.368323
threshold=1.0500000000000003 0.35000000000000003 5.8000000000000016 86.003450000000015 0.37117221962515151 0.55000000000000016 0.25000000000000006 0.25000000000000006 0.1330716345648871 75.043350000000018 86.003450000000015 2.1500000000000008 4.8500000000000014 1.7500000000000002
decision_type=2 2 2 2 2 2 2 2 2 2 2 2 2 2
left_child=1 6 3 7 -3 -6 8 -2 -1 -8 -11 -7 -9 -5
right_child=2 4 -4 13 5 11 9 12 -10 10 -12 -13 -14 -15
leaf_value=5.0926966142293806e-05 -0.0066421838384121664 0.0010272845238967635 0.0098088178830221303 -0.0019971910943265623 0.0023978850415871771 0.0055690731382341471 -8.9072194569487668e-05 -0.0025355083371124544 0.0020586732344804108 -0.0042929397463875333 -0.00081423124163430653 0.010955745635517673 -0.009236084176033426 0.00055025493169041798
leaf_weight=4661 210 578 20 403 378 222 472 375 492 291 244 51 24 219
leaf_count=4661 210 578 20 403 378 222 472 375 492 291 244 51 24 219
internal_value=5.1122e-12 0.000413524 -0.00244247 -0.00264151 0.00268124 0.00414974 -3.89159e-05 -0.00421567 0.000242623 -0.0014796 -0.00270639 0.00657537 -0.00293855 -0.00110026
internal_weight=8640 7389 1251 1231 1229 651 6160 609 5153 1007 535 273 399 622
internal_count=8640 7389 1251 1231 1229 651 6160 609 5153 1007 535 273 399 622
is_linear=0
shrinkage=0.05


Tree=16
num_leaves=15
num_cat=0
split_feature=3 8 5 4 7 5 3 8 3 3 3 1 2 8
split_gain=3.18105 3.0188 1.58671 1.22889 0.716745 0.623559 0.530467 0.838245 0.518669 0.466693 0.453048 0.440356 0.427166 0.464405
threshold=0.65000000000000002 0.7166666666666669 0.15000000000000005 5.8000000000000016 0.30175632269705926 4.2500000000000009 1.2500000000000002 1.3500000000000001 0.15000000000000005 0.35000000000000003 0.25000000000000006 27.379200000000004 78.923900000000017 1.4833333333333336
decision_type=2 2 2 2 2 2 2 2 2 2 2 2 2 2
left_child=1 4 11 5 10 6 7 -4 -6 -3 -1 -2 13 -11
right_child=2 9 3 -5 8 -7 -8 -9 -10 12 -12 -13 -14 -15
leaf_value=0.00016810953933067365 -0.0035908579824724517 0.0053676146171535329 -0.00072336825158804505 0.011296734062489122 0.003053220078446731 0.0030030992580577735 -0.0023657581000720378 0.0084871708916930046 9.7137392526747138e-05 0.0028919257304942641 -0.0012206096922980072 -0.0073303253933934892 -0.00062478545893473222 0.010999915590509772
leaf_weight=5026 357 301 495 20 353 83 708 26 256 151 665 101 78 20
leaf_count=5026 357 301 495 20 353 83 708 26 256 151 665 101 78 20
internal_value=-3.52459e-12 0.000490433 -0.0018768 -0.00100388 0.000180296 -0.00119139 -0.00147466 -0.000263725 0.0018106 0.00404291 5.83607e-06 -0.0044155 0.00244155 0.00384023
internal_weight=8640 6850 1790 1332 6300 1312 1229 521 609 550 5691 458 249 171
internal_count=8640 6850 1790 1332 6300 1312 1229 521 609 550 5691 458 249 171
is_linear=0
shrinkage=0.05


Tree=17
num_leaves=15
num_cat=0
split_feature=3 8 5 4 7 1 3 5 3 4 3 1 5 3
split_gain=2.8709 2.72447 1.43201 1.10908 0.646863 0.579943 0.530843 0.563494 0.468099 0.422575 0.408876 0.397421 0.381999 0.583213
threshold=0.65000000000000002 0.7166666666666669 0.15000000000000005 5.8000000000000016 0.30175632269705926 27.379200000000004 4.9500000000000011 4.2500000000000009 0.15000000000000005 0.45000000000000007 0.25000000000000006 27.379200000000004 0.25000000000000006 1.0000000180025095e-35
decision_type=2 2 2 2 2 2 2 2 2 2 2 2 2 2
left_child=1 4 11 5 10 6 7 -4 -6 -3 -1 -2 -11 -14
right_child=2 9 3 -5 8 -7 -8 -9 -10 12 -12 -13 13 -15
leaf_value=0.00015970407261847375 -0.0034113150421126955 0.0017861831760244461 -0.00084321869296524331 0.010731897390214726 0.0029005590394043986 -0.0038656743797859366 -0.0065381766738075962 0.0035137943236622964 9.2280511105968804e-05 0.002107315491255834 -0.0011595792003460423 -0.0069638090503245298 0.013174012144251415 0.0050211525187078936
leaf_weight=5026 357 172 1025 20 353 169 38 80 256 99 665 101 24 255
leaf_count=5026 357 172 1025 20 353 169 38 80 256 99 665 101 24 255
internal_value=4.82045e-12 0.000465911 -0.00178296 -0.000953684 0.000171282 -0.00113182 -0.0007276 -0.000527779 0.00172007 0.00384076 5.54428e-06 -0.00419473 0.00477565 0.00572247
internal_weight=8640 6850 1790 1332 6300 1312 1143 1105 609 550 5691 458 378 279
internal_count=8640 6850 1790 1332 6300 1312 1143 1105 609 550 5691 458 378 279
is_linear=0
shrinkage=0.05


Tree=18
num_leaves=15
num_cat=0
split_feature=3 4 5 2 7 3 5 7 3 5 3 4 3 4
split_gain=2.62903 2.42663 0.975955 0.961673 0.794718 0.783413 0.732312 0.501279 0.463688 0.423223 0.422823 0.415487 0.37878 0.429579
threshold=1.0500000000000003 0.35000000000000003 0.55000000000000016 86.003450000000015 0.53332926424530414 0.45000000000000007 0.35000000000000003 0.21075257835628067 0.15000000000000005 2.6500000000000008 1.7500000000000002 1.1500000000000001 0.25000000000000006 0.8500000000000002
decision_type=2 2 2 2 2 2 2 2 2 2 2 2 2 2
left_child=1 5 8 6 12 7 -2 -1 -3 -5 -11 -8 -4 -14
right_child=3 2 4 9 -6 -7 11 -9 -10 10 -12 -13 13 -15
leaf_value=-1.925827171760375e-05 -0.0055626273942488008 0.0026521136388986464 0.0064668773983915647 -0.0013912552774711477 0.006757609678718907 -0.001868610528009281 -0.0031059370784729916 0.0016363905143411087 0.00015745803092522258 0.0059443788137286905 -0.00021221798238714776 0.00070833365717422867 -0.00045193830464218353 0.0037635844727046787
leaf_weight=5120 257 336 51 508 182 538 263 502 418 42 83 98 117 125
leaf_count=5120 257 336 51 508 182 538 263 502 418 42 83 98 117 125
internal_value=-9.31895e-13 0.000358878 0.00238747 -0.0021197 0.00416267 -4.58517e-05 -0.00352272 0.000128578 0.00126913 -0.000749933 0.0018564 -0.00207048 0.00255079 0.0017255
internal_weight=8640 7389 1229 1251 475 6160 618 5622 754 633 125 361 293 242
internal_count=8640 7389 1229 1251 475 6160 618 5622 754 633 125 361 293 242
is_linear=0
shrinkage=0.05


Tree=19
num_leaves=15
num_cat=0
split_feature=3 4 5 2 2 3 6 1 5 3 3 7 7 1
split_gain=2.3727 2.19904 0.92118 0.867909 0.695529 0.620041 0.810474 0.481644 0.381959 0.39268 0.369052 0.360945 0.360191 0.350628
threshold=1.0500000000000003 1.0500000000000003 0.55000000000000016 86.003450000000015 75.043350000000018 0.55000000000000016 0.4000000000000003 16.079350000000005 2.6500000000000008 3.3500000000000001 1.0000000180025095e-35 0.50439480146456883 1.6162288320406588 27.379200000000004
decision_type=2 2 2 2 2 2 2 2 2 2 2 2 2 2
left_child=1 5 -3 4 -2 6 -1 -7 -5 -10 -8 -6 -12 -9
right_child=3 2 -4 8 11 7 10 13 9 -11 12 -13 -14 -15
leaf_value=-7.9911516554449467e-06 -0.0017383406487785594 0.0017747638078211198 0.0059641783099215464 -0.0013216925392616687 0.0012222275456657545 -0.0055060718441382051 0.0031376587988030339 -0.00046644093542940254 0.0029866579367912247 -0.0046575882704928519 0.00071212141215455584 -0.0055785783954303376 0.0059851615908829607 -0.0045125896004257638
leaf_weight=5282 322 347 211 508 21 66 268 438 105 20 682 275 34 61
leaf_count=5282 322 347 211 508 21 66 268 438 105 20 682 275 34 61
internal_value=-4.78217e-12 0.000340934 0.00335893 -0.00201372 -0.00334658 9.44043e-05 0.000237447 -0.00149198 -0.000712437 0.00176358 0.00155493 -0.00509609 0.000962517 -0.00096106
internal_weight=8640 7389 558 1251 618 6831 6266 565 633 125 984 296 716 499
internal_count=8640 7389 558 1251 618 6831 6266 565 633 125 984 296 716 499
is_linear=0
shrinkage=0.05


Tree=20
num_leaves=15
num_cat=0
split_feature=3 4 4 5 2 3 4 2 5 2 7 3 3 8
split_gain=2.14136 2.01963 0.853333 0.822445 0.804177 0.691439 0.680862 0.560924 0.514781 0.508029 0.472037 0.4028 0.391973 0.42867
threshold=1.0500000000000003 0.35000000000000003 5.8000000000000016 0.55000000000000016 86.003450000000015 0.25000000000000006 2.1500000000000008 75.043350000000018 0.35000000000000003 86.003450000000015 0.1330716345648871 0.15000000000000005 0.25000000000000006 1.3500000000000001
decision_type=2 2 2 2 2 2 2 2 2 2 2 2 2 2
left_child=1 5 4 11 8 10 12 -7 -2 -9 -1 -3 13 -5
right_child=2 3 -4 6 -6 7 -8 9 -10 -11 -12 -13 -14 -15
leaf_value=3.335240145886868e-05 -0.0050722951255195159 0.0024369185069060355 0.0083320309594273577 0.0070666522993461092 -0.00081494913046799278 1.2695943744694302e-05 0.009262386679320651 -0.0037629398128659467 -0.0021288773019188575 -0.00066944404734684102 0.0016617702847399668 0.00011181195236466219 0.002209130180276307 -0.00067888352099213412
leaf_weight=4661 257 336 20 95 622 472 51 291 352 244 492 418 307 22
leaf_count=4661 257 336 20 95 622 472 51 291 352 244 492 418 307 22
internal_value=1.102e-12 0.000323887 -0.00191303 0.00217455 -0.00207948 -4.53443e-05 0.00380417 -0.00124366 -0.00337101 -0.00235207 0.000188831 0.00114793 0.00314764 0.00561023
internal_weight=8640 7389 1251 1229 1231 6160 475 1007 609 535 5153 754 424 117
internal_count=8640 7389 1251 1229 1231 6160 475 1007 609 535 5153 754 424 117
is_linear=0
shrinkage=0.05


Tree=21
num_leaves=15
num_cat=0
split_feature=3 7 5 4 1 1 3 6 4 5 3 4 3 5
split_gain=1.95799 1.93253 1.23632 1.03309 0.62462 0.609283 0.638023 0.533006 0.485796 0.466244 0.514309 0.31553 0.597568 0.490329
threshold=0.55000000000000016 0.34791862132028145 1.0000000180025095e-35 5.8000000000000016 27.379200000000004 16.079350000000005 4.9500000000000011 4.2500000000000009 0.15000000000000005 0.25000000000000006 1.0000000180025095e-35 1.7500000000000002 1.8500000000000003 1.0500000000000003
decision_type=2 2 2 2 2 2 2 2 2 2 2 2 2 2
left_child=1 -1 -2 4 5 -4 7 11 -3 -10 -11 -7 13 -13
right_child=2 8 3 -5 -6 6 -8 -9 9 10 -12 12 -14 -15
leaf_value=6.6463278310613817e-05 -0.0040125034257772777 0.00090091556762849723 -0.0067914255943737527 0.0099722714629024278 -0.0034770645268283606 -0.00074537840554329935 -0.0064351847794439122 0.0033329511177726092 0.0016494756855536252 0.0089593900979875966 0.0036829080395429717 0.0021350273071827058 -0.0020324098006649703 0.011149299839003521
leaf_weight=5744 365 308 38 22 210 1066 42 100 248 54 319 48 54 22
leaf_count=5744 365 308 38 22 210 1066 42 100 248 54 319 48 54 22
internal_value=1.46088e-12 0.000408658 -0.00138636 -0.00078802 -0.000937847 -0.000548624 -0.000370526 -0.000173072 0.00252444 0.00332967 0.0044468 -0.000467695 0.00191948 0.00496808
internal_weight=8640 6673 1967 1602 1580 1370 1332 1290 929 621 373 1190 124 70
internal_count=8640 6673 1967 1602 1580 1370 1332 1290 929 621 373 1190 124 70
is_linear=0
shrinkage=0.05


Tree=22
num_leaves=15
num_cat=0
split_feature=3 4 5 8 3 4 1 2 3 5 2 6 2 0
split_gain=1.78067 1.71193 0.731836 0.708794 0.594651 0.572013 0.499474 0.483144 0.480313 0.562572 0.438209 0.407412 0.333961 0.314475
threshold=1.0500000000000003 0.35000000000000003 1.1500000000000001 1.1166666666666669 0.25000000000000006 1.8500000000000003 27.379200000000004 75.043350000000018 0.25000000000000006 0.55000000000000016 86.003450000000015 0.20000000000000015 86.003450000000015 60.000000000000007
decision_type=2 2 2 2 2 2 2 2 2 2 2 2 2 2
left_child=1 4 6 8 11 -4 -2 -6 9 -3 -9 -1 -11 -7
right_child=2 3 5 -5 7 13 -8 10 -10 12 -12 -13 -14 -15
leaf_value=1.5941562549852894e-05 -0.0019882653436910074 0.0018128606663627403 -0.00067484623172840556 0.0047642300261829338 1.0125255333042657e-05 0.0017750123772641707 -0.0050998281192364582 -0.0034949085338935705 0.00047273232731076629 0.0024670926233132679 -0.00062184018702208079 0.0014344722473100477 0.0086842350877338534 0.0099248131783679135
leaf_weight=4584 702 391 342 195 472 29 158 291 553 36 244 569 54 20
leaf_count=4584 702 391 342 195 472 29 158 291 553 36 244 569 54 20
internal_value=4.85514e-12 0.000295353 -0.00174449 0.00199922 -4.45905e-05 4.90389e-05 -0.00255992 -0.00115588 0.00147777 0.00263325 -0.00218457 0.000172577 0.00619738 0.00510146
internal_weight=8640 7389 1251 1229 6160 391 860 1007 1034 481 535 5153 90 49
internal_count=8640 7389 1251 1229 6160 391 860 1007 1034 481 535 5153 90 49
is_linear=0
shrinkage=0.05


Tree=23
num_leaves=15
num_cat=0
split_feature=3 7 5 4 3 1 1 4 5 3 8 3 6 3
split_gain=1.61655 1.60609 1.06238 0.904975 0.519966 0.497018 0.539229 0.404445 0.406192 0.44295 0.403759 0.881776 0.452712 0.332358
threshold=0.55000000000000016 0.34791862132028145 1.0000000180025095e-35 5.8000000000000016 5.6000000000000005 16.079350000000005 27.379200000000004 0.15000000000000005 0.25000000000000006 1.0000000180025095e-35 1.8666666666666669 1.7500000000000002 4.8500000000000014 3.0500000000000003
decision_type=2 2 2 2 2 2 2 2 2 2 2 2 2 2
left_child=1 -1 -2 4 5 -4 10 -3 -9 -10 -7 12 -12 -13
right_child=2 7 3 -5 -6 6 -8 8 9 -11 11 13 -14 -15
leaf_value=5.9362900999043446e-05 -0.003694099005860315 0.00081878513155970729 -0.0063316203604795443 0.0093659970730765388 -0.0059696055308450019 -0.0005411561678729214 -0.0029503412065165703 0.0014666103403860396 0.0082654286193212991 0.0033686606287532911 0.012742021343792263 -0.0022737768186916469 0.0033486917265690866 0.0025331945730034601
leaf_weight=5744 365 308 38 22 48 1096 201 248 54 319 23 79 29 66
leaf_count=5744 365 308 38 22 48 1096 201 248 54 319 23 79 29 66
internal_value=1.75937e-12 0.00037132 -0.0012597 -0.000705041 -0.00084527 -0.000684717 -0.000541087 0.00230015 0.00303487 0.00407758 -0.000166563 0.00191747 0.00750343 -8.5776e-05
internal_weight=8640 6673 1967 1602 1580 1532 1494 929 621 373 1293 197 52 145
internal_count=8640 6673 1967 1602 1580 1532 1494 929 621 373 1293 197 52 145
is_linear=0
shrinkage=0.05


Tree=24
num_leaves=15
num_cat=0
split_feature=3 4 5 8 5 8 3 5 3 3 6 6 1 7
split_gain=1.48723 1.47934 0.68082 0.655807 0.509738 0.484196 0.456996 0.395198 0.372106 0.355566 0.334411 0.51716 0.366639 0.327789
threshold=1.0500000000000003 1.0500000000000003 0.55000000000000016 6.4000000000000012 1.0000000180025095e-35 1.4833333333333336 0.55000000000000016 0.35000000000000003 1.0000000180025095e-35 5.6000000000000005 4.4500000000000011 4.8500000000000014 27.379200000000004 0.52173941556879455
decision_type=2 2 2 2 2 2 2 2 2 2 2 2 2 2
left_child=1 5 -3 4 -2 6 7 -1 -9 10 12 -12 -6 -14
right_child=3 2 -4 -5 9 -7 -8 8 -10 -11 11 -13 13 -15
leaf_value=-1.5116326186048263e-05 -0.003809212162487858 0.0013833708699968923 0.0049849863163575142 0.0069621676071123647 -0.00088779131864244194 0.004970024863840081 -0.0013541267593978638 0.0029231993269532661 0.00055652378278976623 -0.005488755958194428 0.0078210731896643463 -0.00058012485566113386 0.0021675901836715641 -0.0047722952677296442
leaf_weight=5289 241 347 211 22 719 50 547 215 730 47 26 62 20 114
leaf_count=5289 241 347 211 22 719 50 547 215 730 47 26 62 20 114
internal_value=5.91037e-12 0.000269922 0.00274527 -0.00159429 -0.00174746 6.77198e-05 3.15724e-05 0.00015316 0.00109497 -0.00124454 -0.00103255 0.00190205 -0.0013353 -0.00373649
internal_weight=8640 7389 558 1251 1229 6831 6781 6234 945 988 941 88 853 134
internal_count=8640 7389 558 1251 1229 6831 6781 6234 945 988 941 88 853 134
is_linear=0
shrinkage=0.05


Tree=25
num_leaves=15
num_cat=0
split_feature=3 4 5 5 4 3 4 1 1 1 6 3 7 5
split_gain=1.34223 1.3669 0.592649 0.577868 0.515311 0.496471 0.475337 0.425692 0.398521 0.35015 0.31711 0.310637 0.289582 0.673828
threshold=1.0500000000000003 0.35000000000000003 1.1500000000000001 0.55000000000000016 2.1500000000000008 0.25000000000000006 1.8500000000000003 27.379200000000004 27.379200000000004 16.079350000000005 0.20000000000000015 0.15000000000000005 0.78173079138292489 1.5500000000000003
decision_type=2 2 2 2 2 2 2 2 2 2 2 2 2 2
left_child=1 5 8 11 -5 10 12 9 -2 -7 -1 -3 -4 -14
right_child=2 3 6 4 -6 7 -8 -9 -10 -11 -12 -13 13 -15
leaf_value=1.2907218884787017e-05 -0.0017377474275948293 0.0020503527649062955 -0.002995036093828579 0.0025737600206206107 0.0078934147113970676 -0.0029024617261135242 0.0047051355679880603 -0.0035296557542255414 -0.0045171268779454349 -0.00018452000749370932 0.0012643955796891547 8.4994841000353738e-06 0.0065415267404672272 -0.0007635490010021429
leaf_weight=4584 702 336 90 424 51 142 49 149 158 716 569 418 37 215
leaf_count=4584 702 336 90 424 51 142 49 149 158 716 569 418 37 215
internal_value=-1.82152e-13 0.000256426 -0.00151457 0.00177893 0.00314492 -4.73339e-05 9.94165e-05 -0.00106275 -0.00224838 -0.000634343 0.000151098 0.000918397 -0.000560467 0.000309022
internal_weight=8640 7389 1251 1229 475 6160 391 1007 860 858 5153 754 342 252
internal_count=8640 7389 1251 1229 475 6160 391 1007 860 858 5153 754 342 252
is_linear=0
shrinkage=0.05


Tree=26
num_leaves=15
num_cat=0
split_feature=3 7 5 8 1 1 3 4 5 3 7 5 0 6
split_gain=1.22037 1.24136 0.839981 0.769734 0.401304 0.42822 0.369193 0.335019 0.331562 0.383551 0.317189 0.295828 0.280964 0.258874
threshold=0.55000000000000016 0.34791862132028145 1.0000000180025095e-35 4.5833333333333348 16.079350000000005 27.379200000000004 4.9500000000000011 0.15000000000000005 0.25000000000000006 1.0000000180025095e-35 3.1428893204787127 12.200000000000001 60.000000000000007 3.4500000000000006
decision_type=2 2 2 2 2 2 2 2 2 2 2 2 2 2
left_child=1 -1 -2 4 -4 6 13 -3 -9 12 -8 -5 -10 -6
right_child=2 7 3 11 5 -7 10 8 9 -11 -12 -13 -14 -15
leaf_value=4.8368975182691172e-05 -0.0032591513026910771 0.00067011762069093747 -0.0058648719256253617 0.010344778150320054 -0.00042278700838911979 -0.0027527943035583254 -0.0095072560664266354 0.0012701638244599904 0.010632637855146201 0.0029694356962658547 -0.00060235695913434027 0.0022562947518263874 0.0033389491717452594 0.0018936075271267329
leaf_weight=5744 365 308 38 20 1132 211 20 248 31 319 20 26 23 135
leaf_count=5744 365 308 38 20 1132 211 20 248 31 319 20 26 23 135
internal_value=-3.16456e-12 0.000322626 -0.0010945 -0.000601308 -0.000789752 -0.000662707 -0.000325287 0.00201836 0.00268705 0.00362911 -0.00505481 0.00577303 0.00752607 -0.000175973
internal_weight=8640 6673 1967 1602 1556 1518 1307 929 621 373 40 46 54 1267
internal_count=8640 6673 1967 1602 1556 1518 1307 929 621 373 40 46 54 1267
is_linear=0
shrinkage=0.05


Tree=27
num_leaves=15
num_cat=0
split_feature=3 4 8 5 3 2 5 1 3 4 3 5 7 8
split_gain=1.12231 1.16712 0.52964 0.501767 0.429224 0.427871 0.394899 0.375467 0.342634 0.334031 0.445274 0.527283 0.322839 1.11722
threshold=1.0500000000000003 0.35000000000000003 6.4000000000000012 0.95000000000000007 0.25000000000000006 86.003450000000015 0.35000000000000003 27.379200000000004 0.45000000000000007 0.65000000000000002 1.7500000000000002 1.5500000000000003 0.79021296881293468 0.91666666666666674
decision_type=2 2 2 2 2 2 2 2 2 2 2 2 2 2
left_child=1 4 5 8 -1 6 -2 -6 -3 12 11 -11 -7 -14
right_child=2 3 -4 -5 7 9 -8 -9 -10 10 -12 -13 13 -15
leaf_value=0.00013829823500495102 -0.0039507921496569265 0.001748185347286195 0.0063045190139250327 0.003434997086161103 -0.00058801024446659012 -0.001950324472874917 -0.0013804172233682313 -0.0033071631788754298 -0.00028604913100172138 -0.0015590552465412123 -0.003865190674115321 0.0078557277307845647 0.00997982553089969 5.7377699669450527e-05
leaf_weight=5153 257 623 22 296 858 116 357 149 310 58 139 20 32 250
leaf_count=5153 257 623 22 296 858 116 357 149 310 58 139 20 32 250
internal_value=1.92097e-12 0.00023448 -0.00138495 0.00164134 -4.62061e-05 -0.0015226 -0.00245629 -0.000990348 0.00107229 -0.000590424 -0.00216854 0.000854992 0.000270003 0.00118333
internal_weight=8640 7389 1251 1229 6160 1229 614 1007 933 615 217 78 398 282
internal_count=8640 7389 1251 1229 6160 1229 614 1007 933 615 217 78 398 282
is_linear=0
shrinkage=0.05


Tree=28
num_leaves=15
num_cat=0
split_feature=3 8 8 3 7 3 8 7 2 3 4 8 7 7
split_gain=1.01289 1.09142 0.478 0.42478 0.520467 0.41747 0.488857 0.607115 0.386153 0.361061 0.379475 0.320248 0.43446 0.307625
threshold=1.0500000000000003 0.78333333333333344 6.4000000000000012 0.25000000000000006 0.1330716345648871 0.35000000000000003 1.4500000000000004 0.97067524415831241 86.003450000000015 5.6000000000000005 0.95000000000000007 1.4166666666666672 1.4153910932157403 1.8900304822313641
decision_type=2 2 2 2 2 2 2 2 2 2 2 2 2 2
left_child=1 3 8 4 -1 -3 7 -7 9 10 11 -2 -13 -8
right_child=2 5 -4 -5 -6 6 13 -9 -10 -11 -12 12 -14 -15
leaf_value=1.6508175397493427e-05 -0.0035189640168581445 0.0037918816971343411 0.0059892931106415668 -0.00080493862492828246 0.0013690017113029938 0.0012547209736008622 0.008809939570104083 -0.0048864512734035871 -0.00056090312352123845 -0.007986921837760343 -4.8881970733089989e-05 0.0056310434069018816 -0.0025018376584809562 0.0020753281540237369
leaf_weight=4674 345 249 22 1231 839 280 30 47 615 27 166 24 52 39
leaf_count=4674 345 249 22 1231 839 280 30 47 615 27 166 24 52 39
internal_value=2.21934e-12 0.000222756 -0.0013157 3.48268e-05 0.000222338 0.00218771 0.00117903 0.000372045 -0.00144647 -0.00233348 -0.00207344 -0.00287172 6.64406e-05 0.00500342
internal_weight=8640 7389 1251 6744 5513 645 396 327 1229 614 587 421 76 69
internal_count=8640 7389 1251 6744 5513 645 396 327 1229 614 587 421 76 69
is_linear=0
shrinkage=0.05


Tree=29
num_leaves=15
num_cat=0
split_feature=3 4 5 4 3 2 7 5 5 7 3 8 3 8
split_gain=0.919949 1.07043 0.727106 0.570815 0.38745 0.334798 0.453747 0.332667 0.498103 0.378767 0.318438 0.573212 0.309344 0.305122
threshold=0.8500000000000002 0.8500000000000002 1.1500000000000001 1.8500000000000003 2.1500000000000008 86.003450000000015 0.3814924233629165 0.45000000000000007 2.5500000000000003 0.78173079138292489 0.45000000000000007 0.98333333333333361 4.7500000000000009 0.55000000000000016
decision_type=2 2 2 2 2 2 2 2 2 2 2 2 2 2
left_child=1 10 5 -4 -5 12 -7 -3 9 -9 11 -1 13 -2
right_child=2 7 3 4 -6 6 -8 8 -10 -11 -12 -13 -14 -15
leaf_value=9.1971907891861561e-05 -0.0046611095866959159 0.0011842390731017774 -0.00011424979170490252 0.0096148348930809244 0.0011442957480472548 0.0045861606744842399 -0.0012877889482505954 0.0032552515672935062 -0.00219492115189924 0.0080975663574302907 -0.0011073149889112989 0.0045200294005209455 -0.0076597892647159507 -0.0017934569330774368
leaf_weight=5911 116 366 380 27 27 36 379 194 34 51 553 74 29 463
leaf_count=5911 116 366 380 27 27 36 379 194 34 51 553 74 29 463
internal_value=2.6392e-12 0.000232366 -0.00114556 0.000569312 0.00537957 -0.00187308 -0.000778242 0.00217566 0.00347623 0.00426324 4.0652e-05 0.000146721 -0.00262038 -0.00236798
internal_weight=8640 7183 1457 434 54 1023 415 645 279 245 6538 5985 608 579
internal_count=8640 7183 1457 434 54 1023 415 645 279 245 6538 5985 608 579
is_linear=0
shrinkage=0.05


Tree=30
num_leaves=15
num_cat=0
split_feature=4 3 4 2 2 5 0 5 3 0 3 2 4 3
split_gain=0.879443 0.921994 0.827259 0.59095 0.354508 0.304627 0.342635 0.302684 0.521077 0.387698 0.301152 0.479234 0.293255 0.436876
threshold=9.2000000000000011 0.8500000000000002 0.35000000000000003 86.003450000000015 75.043350000000018 1.0500000000000003 60.000000000000007 0.45000000000000007 1.0000000180025095e-35 60.000000000000007 0.25000000000000006 75.043350000000018 0.65000000000000002 1.7500000000000002
decision_type=2 2 2 2 2 2 2 2 2 2 2 2 2 2
left_child=1 2 10 4 5 -3 -7 -4 9 -9 -1 -12 -5 -14
right_child=-2 3 7 12 -6 6 -8 8 -10 -11 11 -13 13 -15
leaf_value=0.00011666283592180159 0.008146776552453187 -0.0019390215484672583 0.00071889433598844343 0.00062976063453566494 -0.0033524422610119176 -0.00031682966610439769 0.0067195716822011911 0.01251766471458333 0.0018864159713630057 0.0027905524996458555 0.00032881482813570506 -0.0019935720903672214 0.0011076679340593757 -0.0033070814168718087
leaf_weight=5153 33 321 625 450 337 81 22 21 453 20 427 463 93 141
leaf_count=5153 33 321 625 450 337 81 22 21 453 20 427 463 93 141
internal_value=1.8743e-12 -3.12355e-05 0.000201212 -0.00118334 -0.00214196 -0.00117986 0.00118609 0.00144999 0.00237496 0.00777273 -3.00275e-05 -0.000879348 -0.000116803 -0.0015525
internal_weight=8640 8607 7162 1445 761 424 103 1119 494 41 6043 890 684 234
internal_count=8640 8607 7162 1445 761 424 103 1119 494 41 6043 890 684 234
is_linear=0
shrinkage=0.05


Tree=31
num_leaves=15
num_cat=0
split_feature=4 3 4 7 3 5 6 7 8 8 3 8 5 3
split_gain=0.793697 0.83803 0.708649 0.423885 0.372527 0.364421 0.574472 0.845871 0.35944 0.407314 0.263358 0.251251 0.227852 0.392538
threshold=9.2000000000000011 1.0500000000000003 0.15000000000000005 0.37117221962515151 0.45000000000000007 0.75000000000000011 2.4500000000000006 1.01707275318271 1.3833333333333335 1.5166666666666668 0.15000000000000005 1.216666666666667 0.15000000000000005 1.0000000180025095e-35
decision_type=2 2 2 2 2 2 2 2 2 2 2 2 2 2
left_child=1 2 4 10 -1 6 7 -3 -7 -10 -4 -8 -5 -14
right_child=-2 5 3 12 -6 8 11 -9 9 -11 -12 -13 13 -15
leaf_value=1.5856927548256706e-05 0.0077394378315092938 -0.0015147179841900745 0.001602103375935798 0.00066602842011468473 -0.0015760349031004326 -0.0020510901863004124 -0.0070918243281754131 0.0075817330360964498 0.0061963325537245477 0.0001843972182094231 -0.0001789079034956896 -0.0031376690303637506 0.0064061827243353103 0.0020647327312525261
leaf_weight=5281 33 478 303 227 395 176 53 27 31 309 659 166 59 443
leaf_count=5281 33 478 303 227 395 176 53 27 31 309 659 166 59 443
internal_value=-3.87148e-12 -2.96737e-05 0.00017274 0.00107118 -9.49248e-05 -0.00123224 -0.00195587 -0.00102837 -0.000216912 0.000732544 0.000382055 -0.00409461 0.00198056 0.00257498
internal_weight=8640 8607 7367 1691 5676 1240 724 505 516 340 962 219 729 502
internal_count=8640 8607 7367 1691 5676 1240 724 505 516 340 962 219 729 502
is_linear=0
shrinkage=0.05


Tree=32
num_leaves=15
num_cat=0
split_feature=8 3 6 5 6 3 1 1 3 7 8 8 5 5
split_gain=0.72893 0.8036 0.6785 0.52948 0.351423 0.348015 0.326969 0.294048 0.297514 0.263306 0.23389 0.453757 0.278445 0.218886
threshold=5.7166666666666677 0.55000000000000016 0.4000000000000003 1.0000000180025095e-35 17.350000000000005 1.0000000180025095e-35 16.079350000000005 27.379200000000004 4.9500000000000011 3.1428893204787127 1.8666666666666669 1.9500000000000004 1.7500000000000002 1.9500000000000002
decision_type=2 2 2 2 2 2 2 2 2 2 2 2 2 2
left_child=1 2 -1 -3 -2 -4 -5 8 10 -10 -8 -12 -13 -9
right_child=4 3 5 6 -6 -7 7 13 9 -11 11 12 -14 -15
leaf_value=-3.30967204918462e-05 0.010300667273501556 -0.002652086608105782 0.0025450324847103092 -0.0051167736075034276 0.0021832936221229224 0.00073814643519636057 -0.00028865415399328525 -0.0027845144129353145 -0.0084472208656370656 -0.00033386759459972385 0.0087481272546574475 -0.0027404705234359773 0.0019796903862533939 0.0019624472712166607
leaf_weight=5282 24 364 362 38 30 1010 1095 183 20 20 20 42 122 28
leaf_count=5282 24 364 362 38 30 1010 1095 183 20 20 20 42 122 28
internal_value=1.22672e-12 -3.64215e-05 0.000224228 -0.000934124 0.00579102 0.00121489 -0.000535311 -0.000421523 -0.000144286 -0.00439054 -1.14865e-05 0.00163796 0.000770869 -0.00215459
internal_weight=8640 8586 6654 1932 54 1372 1568 1530 1319 40 1279 184 164 211
internal_count=8640 8586 6654 1932 54 1372 1568 1530 1319 40 1279 184 164 211
is_linear=0
shrinkage=0.05


Tree=33
num_leaves=15
num_cat=0
split_feature=4 3 4 7 3 2 3 8 8 8 6 6 4 3
split_gain=0.682596 0.703334 0.61105 0.363215 0.326083 0.323168 0.272478 0.286009 0.317113 0.312925 0.273138 0.397944 0.252144 0.300589
threshold=9.2000000000000011 1.0500000000000003 0.15000000000000005 0.37117221962515151 0.25000000000000006 86.003450000000015 5.6000000000000005 0.55000000000000016 0.65000000000000013 1.0833333333333337 2.350000000000001 2.1500000000000008 0.65000000000000002 1.7500000000000002
decision_type=2 2 2 2 2 2 2 2 2 2 2 2 2 2
left_child=1 2 4 -4 -1 6 7 -3 -9 -10 11 -11 -7 -14
right_child=-2 5 3 -5 -6 12 -8 8 9 10 -12 -13 13 -15
leaf_value=5.8262140999339976e-05 0.0071773462138618495 -0.00484721407867395 0.00035429147442650553 0.0018339871583388772 -0.0010552218299964475 0.00040074765114660182 -0.0068577211281215704 0.002587684652114168 -0.0032341997182076666 -0.00017107517289167103 -0.0022437250735099193 0.007442398043349386 0.00078902530874937595 -0.0030792893863329333
leaf_weight=4917 33 65 962 729 759 409 27 47 198 121 134 20 78 141
leaf_count=4917 33 65 962 729 759 409 27 47 198 121 134 20 78 141
internal_value=-5.31162e-12 -2.75186e-05 0.000157916 0.000992197 -9.0634e-05 -0.00112921 -0.00194688 -0.00172022 -0.00132935 -0.00171857 -0.000627314 0.00090885 -0.000332373 -0.00170153
internal_weight=8640 8607 7367 1691 5676 1240 612 585 520 473 275 141 628 219
internal_count=8640 8607 7367 1691 5676 1240 612 585 520 473 275 141 628 219
is_linear=0
shrinkage=0.05


Tree=34
num_leaves=15
num_cat=0
split_feature=8 3 4 5 5 2 6 5 3 8 4 3 5 4
split_gain=0.619496 0.672006 0.641557 0.45886 0.642083 0.401461 0.323885 0.287489 0.270385 0.38431 0.263935 0.304599 0.423641 0.282254
threshold=5.7166666666666677 0.8500000000000002 0.8500000000000002 2.5500000000000003 0.75000000000000011 86.003450000000015 17.350000000000005 0.25000000000000006 0.35000000000000003 0.91666666666666674 0.65000000000000002 1.7500000000000002 1.3500000000000003 1.2500000000000002
decision_type=2 2 2 2 2 2 2 2 2 2 2 2 2 2
left_child=1 2 8 4 -4 7 -2 -3 9 -1 -7 12 -12 -13
right_child=6 5 3 -5 -6 10 -8 -9 -10 -11 11 13 -14 -15
leaf_value=9.3012377855651048e-05 0.0096680023086567722 -0.0032144743690789655 0.0010217109770072781 -0.0046878521227174336 0.004772259877519865 0.00059241921967534818 0.0018751596232565741 -0.0011373338847946333 -0.00084906791505430859 0.003989345320405846 -0.0013697381794565556 -0.0056890041975860015 0.0062729779040673747 -0.0010725462535113286
leaf_weight=5675 24 246 449 27 153 437 30 516 792 64 66 57 25 79
leaf_count=5675 24 246 449 27 153 437 30 516 792 64 66 57 25 79
internal_value=-7.29617e-12 -3.35764e-05 0.000163831 0.00168892 0.00197492 -0.00102477 0.00533865 -0.00180791 1.69502e-05 0.000136463 -0.000126047 -0.00150917 0.000729909 -0.00300739
internal_weight=8640 8586 7160 629 602 1426 54 762 6531 5739 664 227 91 136
internal_count=8640 8586 7160 629 602 1426 54 762 6531 5739 664 227 91 136
is_linear=0
shrinkage=0.05


Tree=35
num_leaves=15
num_cat=0
split_feature=4 3 4 3 5 2 4 3 5 8 5 3 3 4
split_gain=0.584874 0.58659 0.589795 0.327154 0.307995 0.287854 0.332282 0.282911 0.240632 0.370156 0.543853 0.241643 0.282655 0.218669
threshold=9.2000000000000011 1.2500000000000002 0.35000000000000003 0.45000000000000007 0.55000000000000016 86.003450000000015 0.25000000000000006 1.0000000180025095e-35 1.2500000000000002 1.4166666666666672 2.7500000000000004 1.9500000000000002 1.8500000000000003 1.0000000180025095e-35
decision_type=2 2 2 2 2 2 2 2 2 2 2 2 2 2
left_child=1 2 3 -1 -4 8 -7 -6 11 -10 -11 12 -3 -5
right_child=-2 5 4 13 7 6 -8 -9 9 10 -12 -13 -14 -15
leaf_value=4.9472748724679454e-05 0.0066437501093429153 -0.0022247914147737902 0.00048538884458632629 -0.0020740821342929944 0.0063387476761514946 0.0010652037354614509 -0.0013904063960984577 0.0017386303909380455 -0.004209752137060551 0.004815325731536947 -0.0048866519820876426 -0.003867692283207649 0.002857504717328332 -0.00021984509581190375
leaf_weight=5622 33 160 791 318 36 237 329 467 34 52 20 190 33 318
leaf_count=5622 33 160 791 318 36 237 329 467 34 52 20 190 33 318
internal_value=-2.89733e-12 -2.54727e-05 0.000128806 -7.2121e-05 0.00110052 -0.00112985 -0.000362174 0.00206786 -0.0020184 8.99276e-05 0.00212033 -0.00260191 -0.0013558 -0.00114696
internal_weight=8640 8607 7552 6258 1294 1055 566 503 489 106 72 383 193 636
internal_count=8640 8607 7552 6258 1294 1055 566 503 489 106 72 383 193 636
is_linear=0
shrinkage=0.05


Tree=36
num_leaves=15
num_cat=0
split_feature=4 3 4 3 5 5 6 7 3 5 3 4 4 8
split_gain=0.527849 0.529398 0.53229 0.295256 0.284998 0.262308 0.431392 0.727514 0.288359 0.520026 0.668686 0.629814 0.512558 0.239465
threshold=9.2000000000000011 1.2500000000000002 0.35000000000000003 0.45000000000000007 0.95000000000000007 0.8500000000000002 2.4500000000000006 1.01707275318271 2.8500000000000001 1.5500000000000003 3.3500000000000001 0.25000000000000006 0.15000000000000005 1.216666666666667
decision_type=2 2 2 2 2 2 2 2 2 2 2 2 2 2
left_child=1 2 3 -1 -4 6 7 -3 -7 11 -11 -10 -12 -8
right_child=-2 5 4 -5 -6 8 13 -9 9 10 12 -13 -14 -15
leaf_value=4.6999110920790905e-05 0.0063115626129067754 -0.0013367886423460535 0.0006263556137897536 -0.0010896154273528885 0.002359166578566373 -0.0010708029307326644 -0.006432055671400619 0.0070221748269562213 0.0094265896154360641 0.0054116440564394002 -0.0088576368608132561 -0.0011656271860651349 0.00031135179501559055 -0.0025800562838434117
leaf_weight=5622 33 370 981 636 313 284 53 28 36 30 27 23 35 169
leaf_count=5622 33 370 981 636 313 284 53 28 36 30 27 23 35 169
internal_value=-5.7835e-13 -2.41991e-05 0.000122366 -6.85149e-05 0.0010455 -0.00107335 -0.00173374 -0.000748721 -0.000132114 0.00163337 -0.000716408 0.00529742 -0.00368159 -0.00349968
internal_weight=8640 8607 7552 6258 1294 1055 620 398 435 151 92 59 62 222
internal_count=8640 8607 7552 6258 1294 1055 620 398 435 151 92 59 62 222
is_linear=0
shrinkage=0.05


Tree=37
num_leaves=15
num_cat=0
split_feature=8 3 5 5 3 4 6 1 3 3 6 6 0 4
split_gain=0.490841 0.51209 0.500336 0.400379 0.399632 0.316799 0.293711 0.270747 0.23236 0.223615 0.247055 0.42624 0.566168 0.281555
threshold=5.7166666666666677 0.55000000000000016 0.15000000000000005 1.0000000180025095e-35 1.0000000180025095e-35 0.25000000000000006 17.350000000000005 16.079350000000005 0.25000000000000006 5.6000000000000005 4.4500000000000011 4.8500000000000014 60.000000000000007 1.0000000180025095e-35
decision_type=2 2 2 2 2 2 2 2 2 2 2 2 2 2
left_child=1 2 8 -3 5 -4 -2 -5 -1 10 13 -12 -13 -9
right_child=6 3 4 7 -6 -7 -8 9 -10 -11 11 12 -14 -15
leaf_value=1.5668540932679075e-05 0.0088748218957334767 -0.0022404104751371011 0.0016260292612590118 -0.0045687060190462755 0.00053018813106571385 0.0052243302906332893 0.0014538538681032756 -0.0017102334771361017 -0.0014494037411406065 -0.0037294646745304702 0.0073338723404268768 -0.0056586642955573137 0.0039166751882906909 1.7270375858328021e-05
leaf_weight=4746 24 364 271 38 1271 79 30 301 287 46 29 26 38 1090
leaf_count=4746 24 364 271 38 1271 79 30 301 287 46 29 26 38 1090
internal_value=1.7832e-14 -2.98872e-05 0.000178183 -0.000746501 0.000942162 0.00243822 0.00475206 -0.000399701 -6.78752e-05 -0.000296157 -0.000189734 0.00230528 2.66935e-05 -0.000356546
internal_weight=8640 8586 6654 1932 1621 350 54 1568 5033 1530 1484 93 64 1391
internal_count=8640 8586 6654 1932 1621 350 54 1568 5033 1530 1484 93 64 1391
is_linear=0
shrinkage=0.05


Tree=38
num_leaves=15
num_cat=0
split_feature=4 3 4 3 3 5 5 1 5 0 4 8 1 8
split_gain=0.453956 0.448375 0.472773 0.293478 0.292928 0.39828 0.3015 0.257504 0.305274 0.243205 0.219771 0.428683 0.236965 0.404489
threshold=9.2000000000000011 1.2500000000000002 0.15000000000000005 0.45000000000000007 1.0000000180025095e-35 0.35000000000000003 0.95000000000000007 27.379200000000004 1.9500000000000002 60.000000000000007 0.35000000000000003 0.78333333333333344 16.079350000000005 0.65000000000000013
decision_type=2 2 2 2 2 2 2 2 2 2 2 2 2 2
left_child=1 2 3 -1 5 -4 -6 10 -9 -7 12 -12 -3 -14
right_child=-2 7 4 -5 6 9 -8 8 -10 -11 11 -13 13 -15
leaf_value=-2.5730824153630504e-06 0.0058531406839117126 -0.0027118388190865519 0.0013324784490718368 -0.001307682404659494 9.915507218575528e-05 0.0083761326616277575 0.0017122449691890922 -0.0033890998323984223 0.0031518977967789396 0.0019134212556915981 -0.0082009174183688381 -0.0010446528179868448 0.0058717551148113091 0.00013997547206683801
leaf_weight=5281 33 60 253 469 1094 37 394 165 20 24 22 429 34 325
leaf_count=5281 33 60 253 469 1094 37 394 165 20 24 22 429 34 325
internal_value=-6.64184e-13 -2.24415e-05 0.000112442 -0.000109025 0.000819121 0.00220687 0.000526277 -0.00098798 -0.00268196 0.00583343 -0.000627764 -0.00139374 0.00019671 0.000682818
internal_weight=8640 8607 7552 5750 1802 314 1488 1055 185 61 870 451 419 359
internal_count=8640 8607 7552 5750 1802 314 1488 1055 185 61 870 451 419 359
is_linear=0
shrinkage=0.05


Tree=39
num_leaves=15
num_cat=0
split_feature=8 3 7 5 2 6 4 6 2 0 5 3 5 6
split_gain=0.416692 0.423751 0.599068 0.375284 0.283154 0.268562 0.233526 0.404818 0.351167 0.313878 0.25746 0.216595 0.430062 0.23621
threshold=5.7166666666666677 0.35000000000000003 0.22586347517122232 1.0000000180025095e-35 75.043350000000018 17.350000000000005 1.0000000180025095e-35 4.8500000000000014 86.003450000000015 60.000000000000007 4.0500000000000007 1.5500000000000003 1.5500000000000003 1.1500000000000004
decision_type=2 2 2 2 2 2 2 2 2 2 2 2 2 2
left_child=1 2 -1 -3 -4 -2 8 10 -5 11 -8 13 -13 -10
right_child=5 3 4 6 -6 -7 7 -9 9 -11 -12 12 -14 -15
leaf_value=-1.7020149648927022e-05 0.0083207415882498026 -0.0018545380844552633 -0.00037203047516716958 -0.0023900470479414886 0.0017753012514522409 0.0012245925655588509 0.00012159998959892192 -0.0033207445075805844 -6.9736597921561314e-05 0.0026327057068810129 0.0052394154962385076 0.0054053306866150633 -0.0040932339954782623 -0.0064666441485901633
leaf_weight=5136 24 467 192 279 766 30 1443 86 27 86 25 26 22 31
leaf_count=5136 24 467 192 279 766 30 1443 86 27 86 25 26 22 31
internal_value=1.24887e-12 -2.75373e-05 0.000197085 -0.000576834 0.00134494 0.00437844 -0.000282174 1.343e-05 -0.00125748 0.000388288 0.000208756 -0.00143265 0.00105182 -0.00348877
internal_weight=8640 8586 6094 2492 958 54 2025 1554 471 192 1468 106 48 58
internal_count=8640 8586 6094 2492 958 54 2025 1554 471 192 1468 106 48 58
is_linear=0
shrinkage=0.05


Tree=40
num_leaves=15
num_cat=0
split_feature=4 3 4 5 3 3 2 4 4 6 8 5 5 5
split_gain=0.389304 0.381373 0.403214 0.253865 0.321593 0.247652 0.220677 0.277341 0.211785 0.207499 0.748708 0.497635 0.828166 0.434507
threshold=9.2000000000000011 1.2500000000000002 0.15000000000000005 0.95000000000000007 0.15000000000000005 0.25000000000000006 86.003450000000015 0.25000000000000006 1.0000000180025095e-35 1.5500000000000005 0.91666666666666674 0.55000000000000016 1.5500000000000003 4.2500000000000009
decision_type=2 2 2 2 2 2 2 2 2 2 2 2 2 2
left_child=1 2 5 4 -4 -1 -3 9 -7 -8 -11 -12 -13 -14
right_child=-2 6 3 -5 -6 8 7 -9 -10 10 11 12 13 -15
leaf_value=3.4150054601459432e-05 0.0054203386108080545 -0.001689255301286381 0.0014349278181296542 0.0018163161112000994 -0.00015565863618701421 -0.0014532760022166178 -0.0025500933804056226 -0.0011784955667311291 0.00024682265668482566 0.008102195991857632 -0.0045432518895079455 0.008081137590311668 -0.0038268366367464851 0.0032906018870857523
leaf_weight=4917 33 489 500 430 872 561 34 329 272 37 41 37 51 37
leaf_count=4917 33 489 500 430 872 561 34 329 272 37 41 37 51 37
internal_value=-2.10257e-12 -2.07821e-05 0.000103616 0.000756241 0.000424001 -0.000100911 -0.000911261 -0.000239107 -0.000898142 0.00106494 0.00167041 0.000236821 0.00180469 -0.000834277
internal_weight=8640 8607 7552 1802 1372 5750 1055 566 833 237 203 166 125 88
internal_count=8640 8607 7552 1802 1372 5750 1055 566 833 237 203 166 125 88
is_linear=0
shrinkage=0.05


Tree=41
num_leaves=15
num_cat=0
split_feature=4 3 5 3 3 1 4 4 6 5 8 1 5 1
split_gain=0.351347 0.344189 0.389974 0.390264 0.373836 0.284531 0.249993 0.239975 0.446437 0.305822 0.249495 0.208416 0.276132 0.196612
threshold=9.2000000000000011 1.2500000000000002 0.15000000000000005 1.0000000180025095e-35 0.25000000000000006 27.379200000000004 1.0500000000000003 0.8500000000000002 4.7500000000000009 0.75000000000000011 1.4500000000000004 27.379200000000004 1.9500000000000002 16.079350000000005
decision_type=2 2 2 2 2 2 2 2 2 2 2 2 2 2
left_child=1 2 4 6 -1 13 -4 10 9 -9 -5 -3 -13 -6
right_child=-2 11 3 7 5 -7 -8 8 -10 -11 -12 12 -14 -15
leaf_value=8.6352498040439932e-07 0.0051493216813965278 -0.00054163049001095486 0.0017560270540537964 -7.6410579172837438e-05 -0.0022368871746972826 -0.0036442758602788674 0.0063924071670044217 0.00056368848461079671 -0.005965466137604381 0.0031963710877646102 0.0034178786656274551 -0.0030622273689192357 0.003158731368603185 4.1147412777314842e-05
leaf_weight=4744 33 870 318 1413 150 112 32 263 20 190 53 165 20 257
leaf_count=4744 33 870 318 1413 150 112 32 263 20 190 53 165 20 257
internal_value=-1.79074e-12 -1.9743e-05 9.84354e-05 0.000643252 -0.000138518 -0.00141256 0.00217992 0.000365875 0.00134514 0.0016679 4.99177e-05 -0.000865698 -0.00238969 -0.000798423
internal_weight=8640 8607 7552 2289 5263 519 350 1939 473 453 1466 1055 185 407
internal_count=8640 8607 7552 2289 5263 519 350 1939 473 453 1466 1055 185 407
is_linear=0
shrinkage=0.05


Tree=42
num_leaves=15
num_cat=0
split_feature=8 3 8 5 7 8 1 0 6 3 2 4 6 6
split_gain=0.333661 0.326451 0.498977 0.297607 0.270467 0.446002 0.400583 0.285227 0.251725 0.214041 0.204391 0.187779 0.358248 0.293142
threshold=5.7166666666666677 0.35000000000000003 0.7166666666666669 1.0000000180025095e-35 0.91408000605612905 0.91666666666666674 22.610250000000004 36.000000000000007 17.350000000000005 1.0000000180025095e-35 75.043350000000018 1.0000000180025095e-35 4.8500000000000014 4.4500000000000011
decision_type=2 2 2 2 2 2 2 2 2 2 2 2 2 2
left_child=1 2 -1 10 5 6 -4 -6 -2 -9 -3 13 -13 -5
right_child=8 3 4 11 7 -7 -8 9 -10 -11 -12 12 -14 -15
leaf_value=7.1930058742099547e-05 0.0077347266487777233 0.0020883226767182349 -0.0020490188301811297 -0.0015391338253430923 0.0038455861177475702 0.0097912394062236521 0.0054071707401944459 0.0023509873337350154 0.00086461752148655558 -0.0019308956252265868 -0.0019376987505082565 0.00020445317331248527 -0.0031158322210526525 0.0025840134941972795
leaf_weight=5807 24 34 31 423 62 27 43 47 30 77 433 1468 86 48
leaf_count=5807 24 34 31 423 62 27 43 47 30 77 433 1468 86 48
internal_value=-4.82792e-12 -2.46415e-05 0.000172513 -0.000506768 0.00220765 0.00429062 0.00228363 0.00107658 0.003918 -0.000307924 -0.00164458 -0.000244368 2.07051e-05 -0.00111894
internal_weight=8640 8586 6094 2492 287 101 74 186 54 124 467 2025 1554 471
internal_count=8640 8586 6094 2492 287 101 74 186 54 124 467 2025 1554 471
is_linear=0
shrinkage=0.05


Tree=43
num_leaves=15
num_cat=0
split_feature=4 3 5 3 3 4 8 3 1 7 7 7 7 3
split_gain=0.311431 0.312493 0.349097 0.341953 0.31295 0.293737 0.26706 0.293759 0.254663 0.25377 0.402201 0.294589 0.346876 0.249575
threshold=5.8000000000000016 1.2500000000000002 0.15000000000000005 1.0000000180025095e-35 0.25000000000000006 3.7500000000000004 1.7833333333333337 3.5500000000000003 27.379200000000004 1.3920406390161799 1.252550121433847 0.87685485557772347 0.91408000605612905 5.6000000000000005
decision_type=2 2 2 2 2 2 2 2 2 2 2 2 2 2
left_child=1 2 4 -4 -1 6 7 9 -6 10 11 -3 -13 -8
right_child=-2 5 3 -5 8 -7 13 -9 -10 -11 -12 12 -14 -15
leaf_value=-6.7076576041848295e-06 0.0040162454320428276 -0.001539182235755932 0.0020439340771200866 0.00034573907190411251 -0.00071898911186066034 -0.0068328289454802878 0.0014145638367437305 -0.004414688812998625 -0.0034113308019836303 0.0042653119758419367 -0.0066376557175610827 0.006555415527976078 3.0400394854460205e-05 -0.0022324907234481848
leaf_weight=4738 48 433 350 1937 407 20 215 65 112 23 31 23 178 60
leaf_count=4738 48 433 350 1937 407 20 215 65 112 23 31 23 178 60
internal_value=-1.47987e-12 -2.24371e-05 8.99516e-05 0.000605629 -0.000134388 -0.000831465 -0.000714706 -0.00120173 -0.0013 -0.000898176 -0.00107676 -0.000804858 0.000777044 0.000618843
internal_weight=8640 8592 7544 2287 5257 1048 1028 753 519 688 665 634 201 275
internal_count=8640 8592 7544 2287 5257 1048 1028 753 519 688 665 634 201 275
is_linear=0
shrinkage=0.05


Tree=44
num_leaves=15
num_cat=0
split_feature=8 3 4 5 5 2 6 4 3 5 4 6 3 7
split_gain=0.285634 0.272779 0.356179 0.456546 0.43328 0.282007 0.230637 0.219906 0.246592 0.345613 0.249307 0.240615 0.437269 0.776504
threshold=5.7166666666666677 0.8500000000000002 0.8500000000000002 2.5500000000000003 0.75000000000000011 86.003450000000015 17.350000000000005 0.65000000000000002 1.7500000000000002 1.5500000000000003 1.2500000000000002 4.5500000000000016 2.6500000000000008 1.0219800694778789
decision_type=2 2 2 2 2 2 2 2 2 2 2 2 2 2
left_child=1 2 -1 4 -4 -3 -2 11 9 -9 -10 12 13 -7
right_child=6 5 3 -5 -6 7 -8 8 10 -11 -12 -13 -14 -15
leaf_value=-6.4692988757979833e-06 0.0072784316105147205 -0.0013106704150912295 0.00074157216025162221 -0.0051213508540833442 0.0038225150060325593 8.0889448285470367e-05 0.00070238307506466911 -0.00094100169303333939 -0.0050318375229835514 0.0061493420487512716 -0.00069318041043308915 0.0032916032068141098 -0.0026982739978273843 0.0074920776319534824
leaf_weight=6531 24 762 449 27 153 223 30 68 57 23 79 77 95 42
leaf_count=6531 24 762 449 27 153 223 30 68 57 23 79 77 95 42
internal_value=1.37317e-12 -2.27992e-05 0.000102973 0.00123932 0.0015246 -0.000654304 0.00362507 9.89364e-05 -0.00116356 0.000851063 -0.00251159 0.000754744 0.000212138 0.00125549
internal_weight=8640 8586 7160 629 602 1426 54 664 227 91 136 437 360 265
internal_count=8640 8586 7160 629 602 1426 54 664 227 91 136 437 360 265
is_linear=0
shrinkage=0.05


Tree=45
num_leaves=15
num_cat=0
split_feature=4 3 4 7 5 4 8 3 5 5 3 6 7 7
split_gain=0.269147 0.265216 0.316534 0.32258 0.537775 0.244101 0.220182 0.347717 0.277093 0.288071 0.274282 0.220528 0.651609 0.318834
threshold=5.8000000000000016 1.3500000000000003 1.0500000000000003 2.1868244811484345 0.95000000000000007 3.6500000000000008 1.716666666666667 1.7500000000000002 2.7500000000000004 7.6000000000000005 4.0500000000000007 4.8500000000000014 1.5162083236069706 1.085765413253023
decision_type=2 2 2 2 2 2 2 2 2 2 2 2 2 2
left_child=1 2 -1 4 -4 6 10 -8 11 -10 -3 12 13 -9
right_child=-2 5 3 -5 -6 -7 7 8 9 -11 -12 -13 -14 -15
leaf_value=-1.6498351762068923e-05 0.0037336542141323059 -0.00097926244707907044 0.00059170603868811998 -0.0047592701178721412 0.004267452077237977 -0.0060133631044829439 0.0053779463995851989 0.0024047312831195697 -0.0044157396086444292 0.0019013402482064871 -0.0060395283092345509 -0.0013121831019816455 0.0072522394004322227 -0.0046399061624281882
leaf_weight=7043 48 614 447 22 128 22 32 36 59 26 28 64 42 29
leaf_count=7043 48 614 447 22 128 22 32 36 59 26 28 64 42 29
internal_value=-1.38374e-12 -2.08584e-05 7.72022e-05 0.00118262 0.00140996 -0.000807815 -0.000684673 0.000463986 -0.000150259 -0.00248346 -0.00119996 0.00100952 0.0023982 -0.000738261
internal_weight=8640 8592 7640 597 575 952 930 288 256 85 642 171 107 65
internal_count=8640 8592 7640 597 575 952 930 288 256 85 642 171 107 65
is_linear=0
shrinkage=0.05


Tree=46
num_leaves=15
num_cat=0
split_feature=8 3 7 1 5 4 2 1 0 4 6 4 8 6
split_gain=0.248737 0.228181 0.396894 0.265484 0.297728 0.247985 0.229662 0.222272 0.262585 0.400412 0.291865 0.557873 0.57142 0.507606
threshold=8.5000000000000018 0.35000000000000003 0.22586347517122232 27.379200000000004 0.35000000000000003 1.0500000000000003 75.043350000000018 16.079350000000005 60.000000000000007 2.6500000000000008 4.8500000000000014 0.8500000000000002 2.7833333333333341 3.5500000000000003
decision_type=2 2 2 2 2 2 2 2 2 2 2 2 2 2
left_child=1 2 -1 7 -5 -6 -4 -3 10 -10 13 12 -12 -9
right_child=-2 3 6 4 5 -7 -8 8 9 -11 11 -13 -14 -15
leaf_value=-2.2552658766270558e-05 0.0055695689574349677 -0.0018073409863128354 -0.00046576913258225734 -0.0031829114805917904 -0.0012725709269982466 0.0031453432577730322 0.0014661198898334349 -0.0004924828806418867 0.00050985744951503875 0.0064271309187946234 -0.0063228330453452865 -0.0092235367503707057 0.0041523356793913991 0.0040789905931887917
leaf_weight=5136 20 197 192 171 141 41 774 1186 608 30 23 27 30 64
leaf_count=5136 20 197 192 171 141 41 774 1186 608 30 23 27 30 64
internal_value=-4.99443e-12 -1.29224e-05 0.00015233 -0.000413388 -0.00168485 -0.000277327 0.00108214 -0.000206078 -4.57889e-05 0.000788099 -0.000445804 -0.00337363 -0.000393492 -0.000258423
internal_weight=8640 8620 6102 2518 353 182 966 2165 1968 638 1330 80 53 1250
internal_count=8640 8620 6102 2518 353 182 966 2165 1968 638 1330 80 53 1250
is_linear=0
shrinkage=0.05


Tree=47
num_leaves=15
num_cat=0
split_feature=4 3 5 3 5 3 6 6 7 4 4 3 2 0
split_gain=0.230726 0.211843 0.292493 0.249435 0.2193 0.212782 0.211345 0.437446 0.316099 0.245845 0.204445 0.176365 0.175837 0.18648
threshold=9.2000000000000011 0.55000000000000016 0.15000000000000005 1.0000000180025095e-35 1.0000000180025095e-35 5.6000000000000005 4.5500000000000016 4.8500000000000014 2.3354749045555661 1.0000000180025095e-35 0.25000000000000006 2.2500000000000004 86.003450000000015 60.000000000000007
decision_type=2 2 2 2 2 2 2 2 2 2 2 2 2 2
left_child=1 2 -1 10 -3 6 9 -8 -9 12 -4 -10 -6 -14
right_child=-2 4 3 -5 5 -7 7 8 11 -11 -12 -13 13 -15
leaf_value=-6.9985521856366471e-05 0.004172828931812987 -0.0015809603355112383 0.0012315560648616447 0.00037698141644756152 -0.0023950578954928365 -0.0034986082441719191 0.0079652714281110096 -0.0046850516359605221 -0.00016400827992973585 8.1147749829067869e-05 0.0041221998997409892 0.0052144350501260274 -0.001501346134052544 0.0023973220833387152
leaf_weight=5031 33 364 271 1274 202 48 24 23 35 1098 79 27 82 49
leaf_count=5031 33 364 271 1274 202 48 24 23 35 1098 79 27 82 49
internal_value=-4.23926e-12 -1.5999e-05 0.000118345 0.000701773 -0.000474019 -0.000220287 -0.000118106 0.00200422 0.000321097 -0.000279765 0.00188402 0.00217822 -0.0014698 -4.30657e-05
internal_weight=8640 8607 6655 1624 1952 1588 1540 109 85 1431 350 62 333 131
internal_count=8640 8607 6655 1624 1952 1588 1540 109 85 1431 350 62 333 131
is_linear=0
shrinkage=0.05


Tree=48
num_leaves=15
num_cat=0
split_feature=8 3 8 3 6 1 8 8 5 4 7 5 3 3
split_gain=0.213285 0.191329 0.260223 0.158469 0.318985 0.193719 0.136386 0.458955 0.132723 0.199753 0.174835 0.65228 0.32914 0.165748
threshold=8.5000000000000018 1.0500000000000003 0.81666666666666676 0.15000000000000005 0.10000000000000007 27.379200000000004 0.55000000000000016 0.61666666666666681 1.1500000000000001 1.8500000000000003 0.78173079138292489 1.5500000000000003 4.3500000000000005 1.7500000000000002
decision_type=2 2 2 2 2 2 2 2 2 2 2 2 2 2
left_child=1 2 3 4 -1 -5 -3 -8 -9 10 13 -12 -13 -10
right_child=-2 6 -4 5 -6 -7 7 8 9 -11 11 12 -14 -15
leaf_value=-4.5507609864551109e-05 0.0051574147655628622 -0.0024610825616400694 0.0011031116221649339 -0.00020019923458187229 0.0009910967178707339 -0.0017174987779569112 0.0051165026948890753 -0.0010145507461936678 -0.00050631580525077884 0.0031875496705439186 0.0065164287348051329 7.8220157465094112e-05 -0.0058376083594608918 -0.0049320150361916821
leaf_weight=4166 20 90 578 1488 903 245 36 731 56 47 37 182 27 34
leaf_count=4166 20 90 578 1488 903 245 36 731 56 47 37 182 27 34
internal_value=1.61688e-14 -1.19662e-05 8.45922e-05 -1.95649e-06 0.000139155 -0.000414705 -0.000586644 -0.000439949 -0.000619511 0.000134468 -0.0002926 0.00039727 -0.000686026 -0.00217825
internal_weight=8640 8620 7380 6802 5069 1733 1240 1150 1114 383 336 246 209 90
internal_count=8640 8620 7380 6802 5069 1733 1240 1150 1114 383 336 246 209 90
is_linear=0
shrinkage=0.05


Tree=49
num_leaves=15
num_cat=0
split_feature=4 3 4 7 5 3 2 5 1 5 8 8 7 6
split_gain=0.196201 0.18263 0.246948 0.24387 0.46946 0.19584 0.20693 0.166544 0.14295 0.249157 0.154091 0.65871 0.138471 0.613836
threshold=9.2000000000000011 1.3500000000000003 1.0500000000000003 2.1868244811484345 0.95000000000000007 0.45000000000000007 78.923900000000017 0.15000000000000005 27.379200000000004 1.9500000000000002 0.55000000000000016 0.65000000000000013 0.87685485557772347 2.4500000000000006
decision_type=2 2 2 2 2 2 2 2 2 2 2 2 2 2
left_child=1 2 -1 4 5 7 -7 -4 10 -10 -3 -12 -13 -14
right_child=-2 8 3 -5 -6 6 -8 -9 9 -11 11 12 13 -15
leaf_value=-1.6467280145698723e-05 0.0038479780905287374 -0.0044142784307832309 0.00021394818393826373 -0.003358659863394375 0.0039353271624349871 0.00010319217103698729 -0.0040410917403327458 0.0028095122884449542 -0.0026792575059613835 0.0032618938246741893 0.0075615178220547171 -0.0013803700794093948 0.0035377551551869849 -0.00095724950271791642
leaf_weight=7043 33 23 131 30 128 162 37 117 150 20 26 293 97 350
leaf_count=7043 33 23 131 30 128 162 37 117 150 20 26 293 97 350
internal_value=-9.40927e-13 -1.47535e-05 6.68044e-05 0.0010362 0.00126549 0.000500977 -0.000667353 0.00143847 -0.000665175 -0.0019803 -0.000381816 -0.000260736 -0.000535572 1.81766e-05
internal_weight=8640 8607 7648 605 575 447 199 248 959 170 789 766 740 447
internal_count=8640 8607 7648 605 575 447 199 248 959 170 789 766 740 447
is_linear=0
shrinkage=0.05


Tree=50
num_leaves=15
num_cat=0
split_feature=8 3 8 7 8 1 0 1 5 4 1 0 3 8
split_gain=0.18538 0.169797 0.31269 0.242195 0.374701 0.343796 0.268175 0.206281 0.25499 0.241677 0.179548 0.228474 0.368169 0.662985
threshold=8.5000000000000018 0.35000000000000003 0.7166666666666669 0.91408000605612905 0.91666666666666674 22.610250000000004 36.000000000000007 27.379200000000004 0.55000000000000016 1.0500000000000003 16.079350000000005 60.000000000000007 2.3500000000000001 1.2833333333333337
decision_type=2 2 2 2 2 2 2 2 2 2 2 2 2 2
left_child=1 2 -1 4 5 -4 -5 10 -9 -10 -3 -12 -13 -14
right_child=-2 7 3 6 -6 -7 -8 8 9 -11 11 12 13 -15
leaf_value=5.0723406806310232e-05 0.0048082068562507636 -0.0016130364737544343 -0.0021484316341699133 0.0033981983620305399 0.0087467730045318604 0.004759077454895475 -0.00058835219912880079 -0.0026191948095912244 -0.00091456582836838343 0.0041113739411715268 -0.00040293820036261846 0.0012750514582828751 -0.0087195896871249991 0.00040160913853661017
leaf_weight=5807 20 197 31 62 27 43 132 205 118 30 1330 535 27 76
leaf_count=5807 20 197 31 62 27 43 132 205 118 30 1330 535 27 76
internal_value=1.7941e-12 -1.11559e-05 0.000131396 0.00171942 0.00370497 0.00186539 0.0006857 -0.000356609 -0.00147737 0.000104206 -0.000173871 -2.98079e-05 0.000748034 -0.00198938
internal_weight=8640 8620 6102 295 101 74 194 2518 353 148 2165 1968 638 103
internal_count=8640 8620 6102 295 101 74 194 2518 353 148 2165 1968 638 103
is_linear=0
shrinkage=0.05


Tree=51
num_leaves=15
num_cat=0
split_feature=4 3 4 8 6 7 6 7 7 4 8 3 5 3
split_gain=0.174416 0.163237 0.236251 0.21609 0.384733 0.339935 0.294413 0.245624 0.191242 0.194227 0.170153 0.291396 0.280518 0.234405
threshold=5.8000000000000016 1.3500000000000003 3.6500000000000008 1.2500000000000002 2.1500000000000008 1.0666661580397585 3.0500000000000003 1.6162288320406588 2.0781922674178337 1.3500000000000003 1.716666666666667 1.7500000000000002 2.7500000000000004 4.0500000000000007
decision_type=2 2 2 2 2 2 2 2 2 2 2 2 2 2
left_child=1 3 10 -1 -5 -6 -7 -8 -9 -10 13 -12 -13 -3
right_child=-2 2 -4 4 5 6 7 8 9 -11 11 12 -14 -15
leaf_value=1.4245389583794175e-05 0.0030056093180367803 -0.00076199014814675207 -0.0057553484654900705 0.0055094229328275035 -0.0054731488128059681 0.0060476832712690037 -0.0046423026316222693 0.0042300798374021219 0.001722824306032339 -0.0038918259281975533 0.0049951540000620302 0.0011013466164970782 -0.0024131465903209411 -0.0054399679414927965
leaf_weight=7419 48 614 22 49 21 27 21 36 43 24 32 171 85 28
leaf_count=7419 48 614 22 49 21 27 21 36 43 24 32 171 85 28
internal_value=1.15497e-13 -1.67911e-05 -0.000634182 6.01403e-05 0.00160084 0.000487346 0.00131629 0.000286066 0.00129088 -0.000288394 -0.000513036 0.000496728 -6.5575e-05 -0.000966014
internal_weight=8640 8592 952 7640 221 172 151 124 103 67 930 288 256 642
internal_count=8640 8592 952 7640 221 172 151 124 103 67 930 288 256 642
is_linear=0
shrinkage=0.05


Tree=52
num_leaves=15
num_cat=0
split_feature=8 6 3 8 7 8 1 7 0 1 5 4 3 8
split_gain=0.166739 0.244656 0.168044 0.289073 0.209921 0.33397 0.310276 0.252353 0.210291 0.172743 0.231494 0.198995 0.185907 0.180012
threshold=5.7166666666666677 17.350000000000005 0.35000000000000003 0.7166666666666669 0.91408000605612905 0.91666666666666674 22.610250000000004 1.0619686926199965 36.000000000000007 27.379200000000004 0.35000000000000003 1.0000000180025095e-35 1.5500000000000003 1.4166666666666672
decision_type=2 2 2 2 2 2 2 2 2 2 2 2 2 2
left_child=2 -2 3 -1 5 6 -5 -6 -9 -4 -11 13 -13 -12
right_child=1 -3 9 4 7 -7 -8 8 -10 10 11 12 -14 -15
leaf_value=4.7474965144197222e-05 0.006532442546449602 -0.00024052431069624921 -0.00019421558734490274 -0.0020417222272484533 -0.0025363537867594023 0.0082680170734723401 0.0045204112176285239 0.0042531729365761677 0.00024264781069095162 -0.0027090343791713709 -0.0029348549115701186 0.0033930261362844182 -0.0016883559042104969 0.0017807903034346446
leaf_weight=5807 24 30 2139 31 46 27 43 52 88 171 73 54 27 28
leaf_count=5807 24 30 2139 31 46 27 43 52 88 171 73 54 27 28
internal_value=-4.32484e-13 0.00276968 -1.74194e-05 0.000124032 0.00167305 0.00350813 0.00177141 0.00067659 0.00173227 -0.000363329 -0.00138807 -0.000146948 0.00169923 -0.00162755
internal_weight=8640 54 8586 6094 287 101 74 186 140 2492 353 182 81 101
internal_count=8640 54 8586 6094 287 101 74 186 140 2492 353 182 81 101
is_linear=0
shrinkage=0.05


Tree=53
num_leaves=15
num_cat=0
split_feature=8 3 8 5 2 8 1 1 6 7 8 7 8 1
split_gain=0.161295 0.135881 0.244676 0.222981 0.222943 0.304522 0.204261 0.183399 0.130549 0.591448 0.304323 0.124584 0.28272 0.121015
threshold=8.5000000000000018 0.25000000000000006 0.083333333333333343 0.15000000000000005 75.043350000000018 0.61666666666666681 27.379200000000004 16.079350000000005 2.4500000000000006 0.99163022768896136 1.6500000000000001 0.75645050585752693 0.68333333333333335 16.079350000000005
decision_type=2 2 2 2 2 2 2 2 2 2 2 2 2 2
left_child=1 2 -1 6 5 -4 8 -5 9 11 -10 13 -13 -3
right_child=-2 3 4 7 -6 -7 -8 -9 10 -11 -12 12 -14 -15
leaf_value=-5.3552197092970198e-05 0.0044849913235520946 -0.001959316466215574 0.00012043058693904195 -0.0039697906837381164 0.0010816762401796968 -0.0047338645594815418 -0.0025064235213159754 3.3915428031928298e-05 -0.0042748620161936358 0.0081642558478051807 0.0018436832089597979 0.0062130667978809 -0.00092108315651918341 -0.00025175624029085477
leaf_weight=4328 20 167 315 29 1030 36 176 2090 63 20 30 21 41 274
leaf_count=4328 20 167 315 29 1030 36 176 2090 63 20 30 21 41 274
internal_value=-3.42197e-12 -1.0406e-05 0.000131349 -0.000288413 0.00071082 -0.000377446 -0.0010042 -2.08781e-05 -0.000574996 -0.000268053 -0.00230114 -0.000603334 0.00149532 -0.000898383
internal_weight=8640 8620 5709 2911 1381 351 792 2119 616 523 93 503 62 441
internal_count=8640 8620 5709 2911 1381 351 792 2119 616 523 93 503 62 441
is_linear=0
shrinkage=0.05


Tree=54
num_leaves=15
num_cat=0
split_feature=3 6 6 8 6 0 5 4 3 6 3 3 6 6
split_gain=0.148519 0.251291 0.425045 0.252225 0.252639 0.234721 0.190534 0.222938 0.175621 0.361118 0.368753 0.239564 0.261301 0.270387
threshold=4.9500000000000011 4.3500000000000014 4.8500000000000014 5.7166666666666677 17.350000000000005 60.000000000000007 1.8500000000000003 0.15000000000000005 2.4500000000000006 2.4500000000000006 2.8500000000000001 3.2500000000000004 4.0500000000000016 3.6500000000000008
decision_type=2 2 2 2 2 2 2 2 2 2 2 2 2 2
left_child=1 8 -3 5 -5 -4 7 -2 -1 10 -10 -11 13 -13
right_child=6 2 3 4 -6 -7 -8 -9 9 11 -12 12 -14 -15
leaf_value=1.8057401062836086e-05 0.0028407409861683844 0.0054033289361222273 -0.0034937819205224513 0.00718229492397412 0.00016517414197582625 0.0011106328522380922 -0.0063802324654534462 -0.0034189002588391306 -0.00082659102976322173 -0.0037847407995125655 0.0075542628144224487 -0.0010732788890294854 -0.0056234355363994834 0.0051008682399988174
leaf_weight=8066 25 57 50 23 29 62 20 33 35 113 21 61 20 25
leaf_count=8066 25 57 50 23 29 62 20 33 35 113 21 61 20 25
internal_value=-8.01619e-13 1.97862e-05 0.0016839 0.000391177 0.0032689 -0.000944909 -0.00217192 -0.000720779 -2.43056e-05 -0.00126685 0.00231623 -0.00218307 -0.000475632 0.000721531
internal_weight=8640 8562 221 164 52 112 78 58 8341 275 56 219 106 86
internal_count=8640 8562 221 164 52 112 78 58 8341 275 56 219 106 86
is_linear=0
shrinkage=0.05


Tree=55
num_leaves=15
num_cat=0
split_feature=8 3 5 3 3 1 4 4 6 7 6 6 4 6
split_gain=0.144924 0.127415 0.128344 0.307899 0.22149 0.194362 0.169457 0.156573 0.381665 0.348033 0.291162 0.448486 0.275053 0.256101
threshold=8.5000000000000018 7.2500000000000009 0.15000000000000005 1.0000000180025095e-35 0.25000000000000006 27.379200000000004 0.15000000000000005 0.8500000000000002 2.9500000000000006 1.1100540382949655 4.5500000000000016 4.8500000000000014 5.8000000000000016 7.1500000000000012
decision_type=2 2 2 2 2 2 2 2 2 2 2 2 2 2
left_child=1 2 4 6 -1 -6 -4 10 9 -9 -5 -12 -10 -13
right_child=-2 -3 3 7 5 -7 -8 8 12 -11 11 13 -14 -15
leaf_value=-1.3129998814756044e-05 0.004251303860219195 -0.0031107868209029692 0.00099581149057938146 -0.00030069057793239502 -0.00049812295445869831 -0.0023891001317117898 0.003486539676199637 0.00094376783064843348 -0.0035486099221802591 0.0073451664806766948 0.008906522974194515 -0.0018295561469605438 0.0024688243912532929 0.0034465237399158273
leaf_weight=4749 20 33 257 1857 608 175 93 609 79 22 21 46 25 46
leaf_count=4749 20 33 257 1857 608 175 93 609 79 22 21 46 25 46
internal_value=-3.20513e-13 -9.86381e-06 2.05309e-06 0.000262172 -0.000141595 -0.000920755 0.00165763 8.16132e-05 0.000704393 0.00116695 -0.000150744 0.00231343 -0.00210211 0.000808484
internal_weight=8640 8620 8587 3055 5532 783 350 2705 735 631 1970 113 104 92
internal_count=8640 8620 8587 3055 5532 783 350 2705 735 631 1970 113 104 92
is_linear=0
shrinkage=0.05


Tree=56
num_leaves=15
num_cat=0
split_feature=8 3 8 2 4 4 8 5 4 4 5 1 6 7
split_gain=0.130794 0.11516 0.235053 0.194529 0.177494 0.309491 0.445667 0.289829 0.152377 0.223892 0.144065 0.227976 0.177038 0.966688
threshold=8.5000000000000018 0.35000000000000003 0.45000000000000007 75.043350000000018 1.4500000000000002 1.0500000000000003 0.65000000000000013 1.5500000000000003 0.8500000000000002 0.45000000000000007 0.55000000000000016 27.379200000000004 2.4500000000000006 0.81101648958368222
decision_type=2 2 2 2 2 2 2 2 2 2 2 2 2 2
left_child=1 2 -1 -4 5 8 -7 -6 9 -5 11 12 13 -3
right_child=-2 10 3 4 7 6 -8 -9 -10 -11 -12 -13 -14 -15
leaf_value=7.1664586863571643e-06 0.0040387385198846458 -0.00065482182131519477 -0.00056184448767453436 0.0010155852551769391 0.0010605184395716296 0.0022924945844958228 0.011192629566754807 -0.0053497451730072504 -0.0025807106701124993 0.0051819713033803907 0.00010186269868057944 -0.0021873436597880068 -0.0018732586036252228 0.0045673752636319464
leaf_weight=5519 20 845 140 151 149 39 22 20 21 41 1202 205 167 99
leaf_count=5519 20 845 140 151 149 39 22 20 21 41 1202 205 167 99
internal_value=2.6217e-12 -9.37062e-06 0.000108027 0.00106283 0.00157627 0.00236228 0.00550238 0.000301907 0.001463 0.00190528 -0.000293866 -0.000655315 -0.000372627 -0.000107155
internal_weight=8640 8620 6102 583 443 274 61 169 213 192 2518 1316 1111 944
internal_count=8640 8620 6102 583 443 274 61 169 213 192 2518 1316 1111 944
is_linear=0
shrinkage=0.05


end of trees

feature_importances:
Column_3=202
Column_4=129
Column_5=123
Column_8=96
Column_7=67
Column_1=63
Column_6=62
Column_2=42
Column_0=14

parameters:
[boosting: gbdt]
[objective: regression]
[metric: l2]
[tree_learner: serial]
[device_type: cpu]
[data_sample_strategy: bagging]
[data: ]
[valid: ]
[num_iterations: 100]
[learning_rate: 0.05]
[num_leaves: 15]
[num_threads: 0]
[seed: 42]
[deterministic: 0]
[force_col_wise: 0]
[force_row_wise: 0]
[histogram_pool_size: -1]
[max_depth: -1]
[min_data_in_leaf: 20]
[min_sum_hessian_in_leaf: 0.001]
[bagging_fraction: 1]
[pos_bagging_fraction: 1]
[neg_bagging_fraction: 1]
[bagging_freq: 0]
[bagging_seed: 400]
[bagging_by_query: 0]
[feature_fraction: 1]
[feature_fraction_bynode: 1]
[feature_fraction_seed: 30056]
[extra_trees: 0]
[extra_seed: 12879]
[early_stopping_round: 0]
[early_stopping_min_delta: 0]
[first_metric_only: 0]
[max_delta_step: 0]
[lambda_l1: 0]
[lambda_l2: 0]
[linear_lambda: 0]
[min_gain_to_split: 0]
[drop_rate: 0.1]
[max_drop: 50]
[skip_drop: 0.5]
[xgboost_dart_mode: 0]
[uniform_drop: 0]
[drop_seed: 17869]
[top_rate: 0.2]
[other_rate: 0.1]
[min_data_per_group: 100]
[max_cat_threshold: 32]
[cat_l2: 10]
[cat_smooth: 10]
[max_cat_to_onehot: 4]
[top_k: 20]
[monotone_constraints: ]
[monotone_constraints_method: basic]
[monotone_penalty: 0]
[feature_contri: ]
[forcedsplits_filename: ]
[refit_decay_rate: 0.9]
[cegb_tradeoff: 1]
[cegb_penalty_split: 0]
[cegb_penalty_feature_lazy: ]
[cegb_penalty_feature_coupled: ]
[path_smooth: 0]
[interaction_constraints: ]
[verbosity: -1]
[saved_feature_importance_type: 0]
[use_quantized_grad: 0]
[num_grad_quant_bins: 4]
[quant_train_renew_leaf: 0]
[stochastic_rounding: 1]
[linear_tree: 0]
[max_bin: 255]
[max_bin_by_feature: ]
[min_data_in_bin: 3]
[bin_construct_sample_cnt: 200000]
[data_random_seed: 175]
[is_enable_sparse: 1]
[enable_bundle: 1]
[use_missing: 1]
[zero_as_missing: 0]
[feature_pre_filter: 1]
[pre_partition: 0]
[two_round: 0]
[header: 0]
[label_column: ]
[weight_column: ]
[group_column: ]
[ignore_column: ]
[categorical_feature: ]
[forcedbins_filename: ]
[precise_float_parser: 0]
[parser_config_file: ]
[objective_seed: 16083]
[num_class: 1]
[is_unbalance: 0]
[scale_pos_weight: 1]
[sigmoid: 1]
[boost_from_average: 1]
[reg_sqrt: 0]
[alpha: 0.9]
[fair_c: 1]
[poisson_max_delta_step: 0.7]
[tweedie_variance_power: 1.5]
[lambdarank_truncation_level: 30]
[lambdarank_norm: 1]
[label_gain: ]
[lambdarank_position_bias_regularization: 0]
[eval_at: ]
[multi_error_top_k: 1]
[auc_mu_weights: ]
[num_machines: 1]
[local_listen_port: 12400]
[time_out: 120]
[machine_list_filename: ]
[machines: ]
[gpu_platform_id: -1]
[gpu_device_id: -1]
[gpu_device_id_list: ]
[gpu_use_dp: 0]
[num_gpu: 1]

end of parameters

pandas_categorical:null
